STARLINK-4664           
1 53777U 22111E   25070.49325010  .00000960  00000+0  78409-4 0  9990
2 53777  53.2165 104.7258 0001492  88.2395 271.8768 15.08844339138861
STARLINK-4664           
1 53777U 22111E   25070.82445306  .00000576  00000+0  54301-4 0  9996
2 53777  53.2161 103.2381 0001475  89.1430 270.9731 15.08839777138915
STARLINK-4664           
1 53777U 22111E   25071.08941186  .00000349  00000+0  39999-4 0  9996
2 53777  53.2161 102.0480 0001469  90.4540 269.6621 15.08842166138146
STARLINK-4664           
1 53777U 22111E   25071.35436946  .00000721  00000+0  63374-4 0  9997
2 53777  53.2160 100.8589 0001474  89.3050 270.8111 15.08844505138990
STARLINK-4664           
1 53777U 22111E   25072.21549043  .00000367  00000+0  41147-4 0  9996
2 53777  53.2161  96.9928 0001483  90.2416 269.8746 15.08842464138310
STARLINK-4664           
1 53777U 22111E   25072.34796968  .00000462  00000+0  47145-4 0  9990
2 53777  53.2158  96.3985 0001457  88.1575 271.9584 15.08842911139149
STARLINK-4664           
1 53777U 22111E   25073.20909679 -.00000426  00000+0 -86635-5 0  9991
2 53777  53.2161  92.5339 0001434  87.9164 272.1993 15.08836301138467
STARLINK-4664           
1 53777U 22111E   25073.34157709 -.00000401  00000+0 -71253-5 0  9998
2 53777  53.2165  91.9396 0001471  88.6676 271.4484 15.08835917139295
STARLINK-4664           
1 53777U 22111E   25073.73901728 -.00000185  00000+0  64559-5 0  9998
2 53777  53.2164  90.1551 0001450  87.7305 272.3853 15.08836253139355
STARLINK-4664           
1 53777U 22111E   25074.26893992 -.00000171  00000+0  73671-5 0  9990
2 53777  53.2165  87.7765 0001409  88.8725 271.2429 15.08834435138623
STARLINK-4664           
1 53777U 22111E   25074.26893992 -.00000171  00000+0  73671-5 0  9990
2 53777  53.2165  87.7765 0001409  88.8725 271.2429 15.08834435139433
STARLINK-4664           
1 53777U 22111E   25074.73261964  .00000344  00000+0  39714-4 0  9990
2 53777  53.2164  85.6947 0001398  87.5051 272.6101 15.08835489139506
STARLINK-4664           
1 53777U 22111E   25075.39502318  .00000439  00000+0  45681-4 0  9999
2 53777  53.2169  82.7207 0001430  85.8968 274.2188 15.08834806138798
STARLINK-4664           
1 53777U 22111E   25075.39502318  .00000439  00000+0  45681-4 0  9999
2 53777  53.2169  82.7207 0001430  85.8968 274.2188 15.08834806139609
STARLINK-4664           
1 53777U 22111E   25076.38861641  .00001399  00000+0  10595-3 0  9997
2 53777  53.2173  78.2590 0001456  83.5913 276.5245 15.08845354138947
STARLINK-4664           
1 53777U 22111E   25076.38861641  .00001399  00000+0  10595-3 0  9997
2 53777  53.2173  78.2590 0001456  83.5913 276.5245 15.08845354139757
STARLINK-4664           
1 53777U 22111E   25077.18350102  .00000926  00000+0  76242-4 0  9998
2 53777  53.2178  74.6890 0001560  82.1087 278.0082 15.08839358139065
STARLINK-4664           
1 53777U 22111E   25077.24973938  .00000815  00000+0  69268-4 0  9990
2 53777  53.2174  74.3908 0001495  87.0031 273.1132 15.08841618139882
STARLINK-4664           
1 53777U 22111E   25078.24333731 -.00000090  00000+0  12466-4 0  9996
2 53777  53.2169  69.9330 0001454  94.5611 265.5547 15.08844721139228
STARLINK-4664           
1 53777U 22111E   25078.24333731 -.00000090  00000+0  12466-4 0  9996
2 53777  53.2169  69.9330 0001454  94.5611 265.5547 15.08844721140039
STARLINK-4664           
1 53777U 22111E   25078.97197853  .00000244  00000+0  33433-4 0  9996
2 53777  53.2171  66.6628 0001512  93.0740 267.0425 15.08840192140140
STARLINK-4664           
1 53777U 22111E   25079.36941547  .00000582  00000+0  54644-4 0  9999
2 53777  53.2171  64.8778 0001494  97.1822 262.9340 15.08843055139397
STARLINK-4664           
1 53777U 22111E   25079.36941547  .00000582  00000+0  54644-4 0  9999
2 53777  53.2171  64.8778 0001494  97.1822 262.9340 15.08843055140209
STARLINK-4664           
1 53777U 22111E   25079.96558941 -.00001909  00000+0 -10189-3 0  9998
2 53777  53.2165  62.1999 0001508  97.7905 262.3258 15.08832668140291
STARLINK-4664           
1 53777U 22111E   25080.16431217 -.00001315  00000+0 -64590-4 0  9995
2 53777  53.2168  61.3080 0001508  99.9975 260.1187 15.08827447139516
STARLINK-4664           
1 53777U 22111E   25080.36303299 -.00001253  00000+0 -60666-4 0  9996
2 53777  53.2168  60.4159 0001484  99.0818 261.0342 15.08827917140352
STARLINK-4664           
1 53777U 22111E   25081.22413912  .00001279  00000+0  98418-4 0  9998
2 53777  53.2175  56.5531 0001252  86.7470 273.3665 15.08845100139671
STARLINK-4664           
1 53777U 22111E   25081.22413912  .00001279  00000+0  98418-4 0  9998
2 53777  53.2175  56.5531 0001252  86.7470 273.3665 15.08845100140482
STARLINK-4664           
1 53777U 22111E   25082.21773727  .00002582  00000+0  18026-3 0  9995
2 53777  53.2173  52.0946 0001291 100.5344 259.5793 15.08843018140630
STARLINK-4664           
1 53777U 22111E   25082.88015079 -.00000902  00000+0 -38550-4 0  9998
2 53777  53.2186  49.1175 0002073  87.6303 272.4926 15.08834428139921
STARLINK-4664           
1 53777U 22111E   25082.88015079 -.00000902  00000+0 -38550-4 0  9998
2 53777  53.2186  49.1175 0002073  87.6303 272.4926 15.08834428140732
STARLINK-4664           
1 53777U 22111E   25083.60879176 -.00000907  00000+0 -38918-4 0  9998
2 53777  53.2174  45.8477 0001297  87.6949 272.4192 15.08835823140847
STARLINK-4664           
1 53777U 22111E   25084.60238730 -.00002417  00000+0 -13381-3 0  9998
2 53777  53.2186  41.3838 0001374  80.4292 279.6855 15.08844601140186
STARLINK-4664           
1 53777U 22111E   25084.60238730 -.00002417  00000+0 -13381-3 0  9998
2 53777  53.2186  41.3838 0001374  80.4292 279.6855 15.08844601140995
STARLINK-4664           
1 53777U 22111E   25085.13231588  .00001400  00000+0  10604-3 0  9995
2 53777  53.2183  39.0052 0001387  90.2228 269.8923 15.08830746140268
STARLINK-4664           
1 53777U 22111E   25085.59599654  .00001582  00000+0  11748-3 0  9997
2 53777  53.2187  36.9239 0001484  89.7253 270.3909 15.08834367141146
STARLINK-4664           
1 53777U 22111E   25086.12591264  .00000154  00000+0  27760-4 0  9992
2 53777  53.2184  34.5431 0001563  87.4676 272.6495 15.08844641140413
STARLINK-4664           
1 53777U 22111E   25086.12591264  .00000154  00000+0  27760-4 0  9992
2 53777  53.2184  34.5431 0001563  87.4676 272.6495 15.08844641141223
STARLINK-4664           
1 53777U 22111E   25087.11951626  .00001078  00000+0  85795-4 0  9992
2 53777  53.2186  30.0838 0001511 100.0042 260.1120 15.08839389140565
STARLINK-4664           
1 53777U 22111E   25087.84816116  .00000512  00000+0  50259-4 0  9995
2 53777  53.2194  26.8147 0001419  99.6876 260.4276 15.08834633141489
STARLINK-4664           
1 53777U 22111E   25088.11311905  .00001022  00000+0  82309-4 0  9990
2 53777  53.2189  25.6266 0001251  88.3016 271.8119 15.08837835141521
STARLINK-4664           
1 53777U 22111E   25088.84175652 -.00001618  00000+0 -83558-4 0  9997
2 53777  53.2197  22.3566 0001493 116.0295 244.0851 15.08851574140826
STARLINK-4664           
1 53777U 22111E   25088.84175652 -.00001618  00000+0 -83558-4 0  9997
2 53777  53.2197  22.3566 0001493 116.0295 244.0851 15.08851574141636
STARLINK-4664           
1 53777U 22111E   25089.17296019  .00007596  00000+0  49509-3 0  9991
2 53777  53.2203  20.8713 0001594 102.3160 257.8011 15.08822253140879
STARLINK-4664           
1 53777U 22111E   25089.50415901  .00001450  00000+0  10919-3 0  9997
2 53777  53.2188  19.3813 0001481  87.4885 272.6277 15.08838535141732
STARLINK-4664           
1 53777U 22111E   25090.10031574  .00001468  00000+0  11029-3 0  9997
2 53777  53.2204  16.7080 0001456  93.3223 266.7935 15.08843761141015
STARLINK-4664           
1 53777U 22111E   25090.49775428  .00001027  00000+0  82598-4 0  9993
2 53777  53.2197  14.9225 0001364  86.6549 273.4599 15.08845081141884
STARLINK-4664           
1 53777U 22111E   25091.09391958 -.00000505  00000+0 -13609-4 0  9991
2 53777  53.2200  12.2461 0001455  82.7193 277.3965 15.08840668141162
STARLINK-4664           
1 53777U 22111E   25091.49135856 -.00000583  00000+0 -18548-4 0  9991
2 53777  53.2200  10.4618 0001470  80.5997 279.5161 15.08841932142035
STARLINK-4664           
1 53777U 22111E   25091.95504098  .00000268  00000+0  34954-4 0  9997
2 53777  53.2203   8.3800 0001401  85.1651 274.9501 15.08836535142107
STARLINK-4664           
1 53777U 22111E   25092.08751851 -.00000235  00000+0  33459-5 0  9998
2 53777  53.2196   7.7847 0001423  87.5050 272.6105 15.08842073142126
STARLINK-4664           
1 53777U 22111E   25093.14733866  .00003141  00000+0  21521-3 0  9995
2 53777  53.2190   3.0268 0001451  92.6997 267.4161 15.08859860141477
STARLINK-4664           
1 53777U 22111E   25093.47856133 -.00000360  00000+0 -45357-5 0  9991
2 53777  53.2195   1.5396 0001632  85.0050 275.1129 15.08832735141522
STARLINK-4664           
1 53777U 22111E   25093.47856133 -.00000360  00000+0 -45357-5 0  9991
2 53777  53.2195   1.5396 0001632  85.0050 275.1129 15.08832735142332
STARLINK-4664           
1 53777U 22111E   25093.87600571 -.00000500  00000+0 -13303-4 0  9999
2 53777  53.2190 359.7539 0001632  96.8654 263.2524 15.08829522142397
STARLINK-4664           
1 53777U 22111E   25094.00848720 -.00001259  00000+0 -61052-4 0  9991
2 53777  53.2200 359.1606 0001537  88.4891 271.6278 15.08831904142411
STARLINK-4664           
1 53777U 22111E   25095.13454302  .00002844  00000+0  19659-3 0  9999
2 53777  53.2176 354.1042 0001496  74.1249 285.9908 15.08856759141776
STARLINK-4664           
1 53777U 22111E   25095.86320186  .00002482  00000+0  17398-3 0  9997
2 53777  53.2181 350.8378 0001432  85.0100 275.1055 15.08835091141886
STARLINK-4664           
1 53777U 22111E   25095.92943856  .00002492  00000+0  17457-3 0  9996
2 53777  53.2179 350.5401 0001511  88.1589 271.9576 15.08842035142700
STARLINK-4664           
1 53777U 22111E   25096.39311609  .00002245  00000+0  15909-3 0  9999
2 53777  53.2174 348.4594 0001389  83.6400 276.4750 15.08846632141967
STARLINK-4664           
1 53777U 22111E   25096.85680276 -.00004515  00000+0 -26593-3 0  9994
2 53777  53.2165 346.3724 0001335  75.3156 284.7984 15.08820028142037
STARLINK-4664           
1 53777U 22111E   25096.92304364 -.00002423  00000+0 -13423-3 0  9997
2 53777  53.2200 346.0868 0001714 112.4163 247.7010 15.08831475142852
STARLINK-4664           
1 53777U 22111E   25096.98928482 -.00004033  00000+0 -23550-3 0  9997
2 53777  53.2197 345.7852 0001629  98.5753 261.5423 15.08828718142050
STARLINK-4664           
1 53777U 22111E   25096.98928482 -.00004033  00000+0 -23550-3 0  9997
2 53777  53.2197 345.7852 0001629  98.5753 261.5423 15.08828718142869
STARLINK-4664           
1 53777U 22111E   25097.91664657  .00002724  00000+0  18918-3 0  9997
2 53777  53.2176 341.6176 0001360  87.3279 272.7868 15.08837992143009
STARLINK-4664           
1 53777U 22111E   25098.11536556  .00006942  00000+0  45375-3 0  9999
2 53777  53.2182 340.7253 0001385  87.0672 273.0479 15.08845885142228
STARLINK-4664           
1 53777U 22111E   25098.38032596  .00007187  00000+0  46913-3 0  9994
2 53777  53.2175 339.5356 0001329  82.0630 278.0513 15.08846579143076
STARLINK-4664           
1 53777U 22111E   25098.84400394  .00004889  00000+0  32495-3 0  9996
2 53777  53.2174 337.4543 0001360  80.7441 279.3704 15.08849338143140
STARLINK-4664           
1 53777U 22111E   25099.37393298 -.00004696  00000+0 -27725-3 0  9997
2 53777  53.2170 335.0758 0001484  77.6245 282.4914 15.08824924142413
STARLINK-4664           
1 53777U 22111E   25099.90386364 -.00006142  00000+0 -36852-3 0  9991
2 53777  53.2174 332.6957 0000604  91.5118 268.5943 15.08807154142499
STARLINK-4664           
1 53777U 22111E   25099.90386364 -.00006142  00000+0 -36852-3 0  9991
2 53777  53.2174 332.6957 0000604  91.5118 268.5943 15.08807154143300
STARLINK-4664           
1 53777U 22111E   25100.03633990  .00004001  00000+0  26934-3 0  9998
2 53777  53.2171 332.1020 0001385  87.3197 272.7953 15.08835248142515
STARLINK-4664           
1 53777U 22111E   25100.36754105  .00006968  00000+0  45548-3 0  9992
2 53777  53.2173 330.6156 0001396  88.4692 271.6460 15.08840201143375
STARLINK-4664           
1 53777U 22111E   25100.89745992  .00009923  00000+0  64052-3 0  9999
2 53777  53.2171 328.2378 0001334  83.6947 276.4197 15.08849682143455
STARLINK-4664           
1 53777U 22111E   25101.36114381  .00003414  00000+0  23250-3 0  9998
2 53777  53.2168 326.1577 0001228  66.2527 293.8594 15.08837859142717
STARLINK-4664           
1 53777U 22111E   25101.75858295  .00003453  00000+0  23493-3 0  9992
2 53777  53.2165 324.3744 0001305  58.4983 301.6137 15.08840030143587
STARLINK-4664           
1 53777U 22111E   25102.61968289 -.00007372  00000+0 -44522-3 0  9995
2 53777  53.2161 320.5068 0001412  65.7161 294.3979 15.08867980143718
STARLINK-4664           
1 53777U 22111E   25102.88463849 -.00006886  00000+0 -41464-3 0  9997
2 53777  53.2167 319.3149 0001542  77.1115 283.0050 15.08869371142945
STARLINK-4664           
1 53777U 22111E   25102.88463849 -.00006886  00000+0 -41464-3 0  9997
2 53777  53.2167 319.3149 0001542  77.1115 283.0050 15.08869371143755
STARLINK-4664           
1 53777U 22111E   25103.01713104  .00003830  00000+0  25853-3 0  9993
2 53777  53.2167 318.7200 0001345  81.0707 279.0437 15.08851191142965
STARLINK-4664           
1 53777U 22111E   25103.61329185 -.00000132  00000+0  97741-5 0  9991
2 53777  53.2160 316.0438 0001408  82.9316 277.1836 15.08844222143058
STARLINK-4664           
1 53777U 22111E   25103.61329185 -.00000132  00000+0  97741-5 0  9991
2 53777  53.2160 316.0438 0001408  82.9316 277.1836 15.08844222143867
STARLINK-4664           
1 53777U 22111E   25104.73937591 -.00000295  00000+0 -46296-6 0  9992
2 53777  53.2181 310.9877 0001410  90.6696 269.4457 15.08839213143227
STARLINK-4664           
1 53777U 22111E   25104.87185543 -.00000383  00000+0 -59812-5 0  9994
2 53777  53.2175 310.3948 0001321  87.0433 273.0710 15.08839393144057
STARLINK-4664           
1 53777U 22111E   25105.26929319 -.00000490  00000+0 -12674-4 0  9998
2 53777  53.2176 308.6105 0001349  86.5638 273.5508 15.08842225144119
STARLINK-4664           
1 53777U 22111E   25105.86545111  .00000606  00000+0  56128-4 0  9997
2 53777  53.2176 305.9342 0001328  87.0738 273.0406 15.08842671143392
STARLINK-4664           
1 53777U 22111E   25105.86545111  .00000606  00000+0  56128-4 0  9997
2 53777  53.2176 305.9342 0001328  87.0738 273.0406 15.08842671144203
STARLINK-4664           
1 53777U 22111E   25106.52785333  .00000842  00000+0  70979-4 0  9995
2 53777  53.2180 302.9612 0001370  88.9727 271.1422 15.08838642144301
STARLINK-4664           
1 53777U 22111E   25106.85904923  .00001440  00000+0  10851-3 0  9996
2 53777  53.2177 301.4740 0001348  85.6686 274.4461 15.08845118144356
STARLINK-4664           
1 53777U 22111E   25107.85264994  .00000670  00000+0  60193-4 0  9993
2 53777  53.2172 297.0136 0001416  85.1120 275.0033 15.08843557143697
STARLINK-4664           
1 53777U 22111E   25107.85264994  .00000670  00000+0  60193-4 0  9993
2 53777  53.2172 297.0136 0001416  85.1120 275.0033 15.08843557144508
STARLINK-4664           
1 53777U 22111E   25108.51505653 -.00000404  00000+0 -73203-5 0  9991
2 53777  53.2168 294.0397 0001458  87.8038 272.3121 15.08836519143790
STARLINK-4664           
1 53777U 22111E   25109.90609395  .00000290  00000+0  36295-4 0  9993
2 53777  53.2167 287.7944 0001479  98.0335 262.0825 15.08839334144003
STARLINK-4664           
1 53777U 22111E   25109.90609395  .00000290  00000+0  36295-4 0  9993
2 53777  53.2167 287.7944 0001479  98.0335 262.0825 15.08839334144812
STARLINK-4664           
1 53777U 22111E   25110.50225497  .00000575  00000+0  54235-4 0  9998
2 53777  53.2171 285.1168 0001328  99.9364 260.1778 15.08837961144902
STARLINK-4664           
1 53777U 22111E   25111.49585617  .00000078  00000+0  23021-4 0  9997
2 53777  53.2167 280.6578 0001441  87.0899 273.0258 15.08839187144244
STARLINK-4664           
1 53777U 22111E   25111.49585617  .00000078  00000+0  23021-4 0  9997
2 53777  53.2167 280.6578 0001441  87.0899 273.0258 15.08839187145054
STARLINK-4664           
1 53777U 22111E   25112.48945933 -.00000129  00000+0  99742-5 0  9990
2 53777  53.2166 276.1968 0001462  89.6667 270.4493 15.08837302145206
STARLINK-4664           
1 53777U 22111E   25114.80785438  .00000681  00000+0  60880-4 0  9992
2 53777  53.2163 265.7881 0001399  95.9933 264.1218 15.08844147145554
STARLINK-4664           
1 53777U 22111E   25115.73521552  .00000377  00000+0  41791-4 0  9992
2 53777  53.2155 261.6241 0001685  97.4717 262.6467 15.08843443145697
STARLINK-4664           
1 53777U 22111E   25116.13265896 -.00000136  00000+0  95551-5 0  9991
2 53777  53.2151 259.8422 0001659  88.5153 271.6029 15.08839512144942
STARLINK-4664           
1 53777U 22111E   25116.79505945 -.00000412  00000+0 -78182-5 0  9994
2 53777  53.2170 256.8664 0001561 106.5140 253.6024 15.08838919145853
STARLINK-4664           
1 53777U 22111E   25117.52370102  .00006258  00000+0  41130-3 0  9994
2 53777  53.2173 253.5959 0001679  97.7395 262.3787 15.08806363145154
STARLINK-4664           
1 53777U 22111E   25117.52370102  .00006258  00000+0  41130-3 0  9994
2 53777  53.2173 253.5959 0001679  97.7395 262.3787 15.08806363145963
STARLINK-4664           
1 53777U 22111E   25117.78865627 -.00001169  00000+0 -55326-4 0  9994
2 53777  53.2169 252.4062 0001507 106.5730 253.5428 15.08848619145192
STARLINK-4664           
1 53777U 22111E   25117.78865627 -.00001169  00000+0 -55326-4 0  9994
2 53777  53.2169 252.4062 0001507 106.5730 253.5428 15.08848619146003
STARLINK-4664           
1 53777U 22111E   25118.51728129  .00002792  00000+0  19336-3 0  9992
2 53777  53.2170 249.1355 0001479 111.2782 248.8369 15.08852542145304
STARLINK-4664           
1 53777U 22111E   25118.51728129  .00002792  00000+0  19336-3 0  9992
2 53777  53.2170 249.1355 0001479 111.2782 248.8369 15.08852542146114
STARLINK-4664           
1 53777U 22111E   25119.04722773 -.00001207  00000+0 -57795-4 0  9994
2 53777  53.2184 246.7554 0001138  86.2926 273.8196 15.08825819145387
STARLINK-4664           
1 53777U 22111E   25121.69682206  .00006950  00000+0  45488-3 0  9997
2 53777  53.2183 234.8591 0001767 103.7981 256.3207 15.08793035145786
STARLINK-4664           
1 53777U 22111E   25121.69682206  .00006950  00000+0  45488-3 0  9997
2 53777  53.2183 234.8591 0001767 103.7981 256.3207 15.08793035146596
STARLINK-4664           
1 53777U 22111E   25122.55795245  .00006566  00000+0  43055-3 0  9992
2 53777  53.2169 230.9993 0001576 111.2288 248.8873 15.08812615145911
STARLINK-4664           
1 53777U 22111E   25122.62418350 -.00000954  00000+0 -41823-4 0  9998
2 53777  53.2171 230.7019 0001269  95.1840 264.9297 15.08856365146734
STARLINK-4664           
1 53777U 22111E   25122.69041798 -.00002785  00000+0 -15682-3 0  9990
2 53777  53.2165 230.4031 0001213  94.5675 265.5456 15.08869831145933
STARLINK-4664           
1 53777U 22111E   25122.69041798 -.00002785  00000+0 -15682-3 0  9990
2 53777  53.2165 230.4031 0001213  94.5675 265.5456 15.08869831146743
STARLINK-4664           
1 53777U 22111E   25123.02160161  .00005075  00000+0  33650-3 0  9992
2 53777  53.2188 228.9186 0001118 108.3139 251.7975 15.08863522145983
STARLINK-4664           
1 53777U 22111E   25123.55153669  .00000239  00000+0  33121-4 0  9996
2 53777  53.2169 226.5375 0001381  95.0257 265.0892 15.08840858146064
STARLINK-4664           
1 53777U 22111E   25123.55153669  .00000239  00000+0  33121-4 0  9996
2 53777  53.2169 226.5375 0001381  95.0257 265.0892 15.08840858146873
STARLINK-4664           
1 53777U 22111E   25123.68402064 -.00000356  00000+0 -43090-5 0  9995
2 53777  53.2171 225.9431 0001310  94.3808 265.7334 15.08836293146896
STARLINK-4664           
1 53777U 22111E   25124.01522620 -.00001259  00000+0 -61029-4 0  9998
2 53777  53.2163 224.4559 0001364  94.8336 265.2812 15.08831223146133
STARLINK-4664           
1 53777U 22111E   25124.47890225 -.00002148  00000+0 -11692-3 0  9995
2 53777  53.2168 222.3732 0001316  97.4221 262.6921 15.08839734146202
STARLINK-4664           
1 53777U 22111E   25124.54514157 -.00002074  00000+0 -11224-3 0  9999
2 53777  53.2170 222.0759 0001314  97.6518 262.4624 15.08840290147028
STARLINK-4664           
1 53777U 22111E   25124.61138080 -.00002002  00000+0 -10770-3 0  9990
2 53777  53.2171 221.7784 0001316  98.1101 262.0041 15.08840915147033
STARLINK-4664           
1 53777U 22111E   25125.47244913 -.00028314  00000+0 -17619-2 0  9990
2 53777  53.2169 217.9128 0001424  82.3828 277.7326 15.08964617146359
STARLINK-4664           
1 53777U 22111E   25125.86993771  .00001499  00000+0  11231-3 0  9994
2 53777  53.2166 216.1293 0001306  96.9079 263.2062 15.08828721146417
STARLINK-4664           
1 53777U 22111E   25125.86993771  .00001499  00000+0  11231-3 0  9994
2 53777  53.2166 216.1293 0001306  96.9079 263.2062 15.08828721147227
STARLINK-4664           
1 53777U 22111E   25126.53235328  .00000077  00000+0  22926-4 0  9991
2 53777  53.2174 213.1570 0001292  92.3519 267.7621 15.08820930146519
STARLINK-4664           
1 53777U 22111E   25126.53235328  .00000077  00000+0  22926-4 0  9991
2 53777  53.2174 213.1570 0001292  92.3519 267.7621 15.08820930147329
STARLINK-4664           
1 53777U 22111E   25127.52595154  .00000344  00000+0  39700-4 0  9992
2 53777  53.2171 208.6967 0001270  93.8655 266.2482 15.08836020146660
STARLINK-4664           
1 53777U 22111E   25127.92339320 -.00000478  00000+0 -11934-4 0  9996
2 53777  53.2171 206.9126 0001282 109.8756 250.2375 15.08836684147538
STARLINK-4664           
1 53777U 22111E   25128.18836134  .00001854  00000+0  13462-3 0  9994
2 53777  53.2172 205.7236 0001229  93.4473 266.6660 15.08823710146761
STARLINK-4664           
1 53777U 22111E   25128.51956352  .00001344  00000+0  10253-3 0  9995
2 53777  53.2173 204.2368 0001257  95.0402 265.0733 15.08827470147620
STARLINK-4664           
1 53777U 22111E   25129.51315786  .00001162  00000+0  91088-4 0  9990
2 53777  53.2167 199.7763 0001207  89.7042 270.4089 15.08842219146963
STARLINK-4664           
1 53777U 22111E   25129.51315786  .00001162  00000+0  91088-4 0  9990
2 53777  53.2167 199.7763 0001207  89.7042 270.4089 15.08842219147773
STARLINK-4664           
1 53777U 22111E   25130.44051917  .00001475  00000+0  11075-3 0  9991
2 53777  53.2167 195.6124 0001213  84.9995 275.1135 15.08841143147915
STARLINK-4664           
1 53777U 22111E   25131.16916002  .00000435  00000+0  45408-4 0  9999
2 53777  53.2168 192.3432 0001329  75.5455 284.5684 15.08842763147212
STARLINK-4664           
1 53777U 22111E   25131.43412009  .00000218  00000+0  31792-4 0  9997
2 53777  53.2166 191.1532 0001262  79.6078 280.5056 15.08841853148062
STARLINK-4664           
1 53777U 22111E   25132.42771758  .00000424  00000+0  44731-4 0  9992
2 53777  53.2168 186.6923 0001238  89.7292 270.3842 15.08842290147403
STARLINK-4664           
1 53777U 22111E   25132.42771758  .00000424  00000+0  44731-4 0  9992
2 53777  53.2168 186.6923 0001238  89.7292 270.3842 15.08842290148213
STARLINK-4664           
1 53777U 22111E   25133.42131972  .00000194  00000+0  30301-4 0  9993
2 53777  53.2166 182.2313 0001236  89.4239 270.6895 15.08839022147558
STARLINK-4664           
1 53777U 22111E   25133.42131972  .00000194  00000+0  30301-4 0  9993
2 53777  53.2166 182.2313 0001236  89.4239 270.6895 15.08839022148368
STARLINK-4664           
1 53777U 22111E   25134.14998013 -.00001964  00000+0 -10542-3 0  9992
2 53777  53.2160 178.9579 0001224  81.4674 278.6457 15.08822339147667
STARLINK-4664           
1 53777U 22111E   25134.41494091 -.00001241  00000+0 -59902-4 0  9991
2 53777  53.2163 177.7722 0001229  87.4031 272.7102 15.08823632148519
STARLINK-4664           
1 53777U 22111E   25135.34229941 -.00000045  00000+0  15283-4 0  9998
2 53777  53.2158 173.6047 0001147  75.4032 284.7087 15.08831296147840
STARLINK-4664           
1 53777U 22111E   25135.34229941 -.00000045  00000+0  15283-4 0  9998
2 53777  53.2158 173.6047 0001147  75.4032 284.7087 15.08831296148650
STARLINK-4664           
1 53777U 22111E   25136.40214691  .00004651  00000+0  31030-3 0  9995
2 53777  53.2160 168.8496 0001236  95.8743 264.2390 15.08820140148815
STARLINK-4664           
1 53777U 22111E   25137.06454244  .00001087  00000+0  86390-4 0  9998
2 53777  53.2156 165.8750 0001113  97.0312 263.0807 15.08840038148100
STARLINK-4664           
1 53777U 22111E   25137.39573985  .00001715  00000+0  12578-3 0  9992
2 53777  53.2161 164.3895 0001186  90.7323 269.3805 15.08844864148964
STARLINK-4664           
1 53777U 22111E   25137.79317607  .00001881  00000+0  13621-3 0  9997
2 53777  53.2160 162.6050 0001177  90.2576 269.8551 15.08848168148214
STARLINK-4664           
1 53777U 22111E   25137.79317607  .00001881  00000+0  13621-3 0  9997
2 53777  53.2160 162.6050 0001177  90.2576 269.8551 15.08848168149024
STARLINK-4664           
1 53777U 22111E   25138.32309099  .00001791  00000+0  13056-3 0  9995
2 53777  53.2158 160.2259 0001164  90.2036 269.9089 15.08853170149108
STARLINK-4664           
1 53777U 22111E   25139.18421083  .00000350  00000+0  40083-4 0  9999
2 53777  53.2156 156.3597 0001144  89.9478 270.1645 15.08848577148421
STARLINK-4664           
1 53777U 22111E   25139.44916906  .00000319  00000+0  38139-4 0  9995
2 53777  53.2155 155.1705 0001154  88.5660 271.5464 15.08848732149278
STARLINK-4664           
1 53777U 22111E   25140.31028639 -.00000370  00000+0 -51672-5 0  9997
2 53777  53.2151 151.3042 0001142  88.2848 271.8275 15.08847229148595
STARLINK-4664           
1 53777U 22111E   25140.31028639 -.00000370  00000+0 -51672-5 0  9997
2 53777  53.2151 151.3042 0001142  88.2848 271.8275 15.08847229149406
STARLINK-4664           
1 53777U 22111E   25141.03892976 -.00000228  00000+0  37507-5 0  9992
2 53777  53.2158 148.0335 0001224  88.8800 271.2333 15.08838886148706
STARLINK-4664           
1 53777U 22111E   25141.30388903 -.00000188  00000+0  62922-5 0  9996
2 53777  53.2158 146.8442 0001228  88.4418 271.6714 15.08839469149555
STARLINK-4664           
1 53777U 22111E   25142.16501191 -.00000071  00000+0  13634-4 0  9993
2 53777  53.2160 142.9791 0001205  88.0491 272.0639 15.08837016148875
STARLINK-4664           
1 53777U 22111E   25142.36373192 -.00000076  00000+0  13321-4 0  9991
2 53777  53.2159 142.0867 0001250  88.1222 271.9914 15.08837387149710
STARLINK-4664           
1 53777U 22111E   25143.35733073  .00000634  00000+0  57938-4 0  9990
2 53777  53.2159 137.6261 0001263  88.2910 271.8227 15.08839170149052
STARLINK-4664           
1 53777U 22111E   25143.35733073  .00000634  00000+0  57938-4 0  9990
2 53777  53.2159 137.6261 0001263  88.2910 271.8227 15.08839170149861
STARLINK-4664           
1 53777U 22111E   25143.68853263  .00000550  00000+0  52676-4 0  9991
2 53777  53.2159 136.1392 0001267  88.0928 272.0209 15.08836839149919
STARLINK-4664           
1 53777U 22111E   25144.35093533  .00000218  00000+0  31757-4 0  9990
2 53777  53.2161 133.1654 0001262  88.4347 271.6790 15.08836119149207
STARLINK-4664           
1 53777U 22111E   25144.35093533  .00000218  00000+0  31757-4 0  9990
2 53777  53.2161 133.1654 0001262  88.4347 271.6790 15.08836119150018
STARLINK-4664           
1 53777U 22111E   25144.94709680 -.00000095  00000+0  12124-4 0  9993
2 53777  53.2165 130.4885 0001323  87.0439 273.0705 15.08836806150108
STARLINK-4664           
1 53777U 22111E   25145.27829549  .00000093  00000+0  23924-4 0  9994
2 53777  53.2165 129.0024 0001312  87.4079 272.7064 15.08838857150156
STARLINK-4664           
1 53777U 22111E   25145.67573454  .00000237  00000+0  32955-4 0  9993
2 53777  53.2166 127.2183 0001318  87.3126 272.8017 15.08840208149409
STARLINK-4664           
1 53777U 22111E   25145.94069484  .00000512  00000+0  50272-4 0  9994
2 53777  53.2167 126.0290 0001307  86.6268 273.4874 15.08838637150259
STARLINK-4664           
1 53777U 22111E   25147.92789374 -.00000050  00000+0  14965-4 0  9998
2 53777  53.2170 117.1080 0001370  89.0466 271.0683 15.08840988149744
STARLINK-4664           
1 53777U 22111E   25147.92789374 -.00000050  00000+0  14965-4 0  9998
2 53777  53.2170 117.1080 0001370  89.0466 271.0683 15.08840988150555
STARLINK-4664           
1 53777U 22111E   25148.32533154  .00000229  00000+0  32459-4 0  9991
2 53777  53.2170 115.3239 0001384  88.9015 271.2135 15.08842848150612
STARLINK-4664           
1 53777U 22111E   25149.18645549 -.00000219  00000+0  43459-5 0  9991
2 53777  53.2169 111.4578 0001383  88.7024 271.4127 15.08837987149934
STARLINK-4664           
1 53777U 22111E   25149.18645549 -.00000219  00000+0  43459-5 0  9991
2 53777  53.2169 111.4578 0001383  88.7024 271.4127 15.08837987150745
STARLINK-4664           
1 53777U 22111E   25150.11382141 -.00000680  00000+0 -24631-4 0  9995
2 53777  53.2171 107.2951 0001437  89.1516 270.9641 15.08833334150070
STARLINK-4664           
1 53777U 22111E   25150.57750179 -.00000417  00000+0 -81332-5 0  9995
2 53777  53.2174 105.2138 0001450  88.8927 271.2232 15.08834693150951
STARLINK-4664           
1 53777U 22111E   25151.17366232  .00000258  00000+0  34278-4 0  9992
2 53777  53.2178 102.5386 0001445  91.9193 268.1964 15.08835428150239
STARLINK-4664           
1 53777U 22111E   25151.23990226  .00000297  00000+0  36744-4 0  9998
2 53777  53.2178 102.2413 0001450  92.1628 267.9530 15.08835739151051
STARLINK-4664           
1 53777U 22111E   25152.23350221  .00001078  00000+0  85808-4 0  9997
2 53777  53.2179  97.7790 0001483  85.9478 274.1684 15.08838880150393
STARLINK-4664           
1 53777U 22111E   25152.56470187  .00001236  00000+0  95712-4 0  9998
2 53777  53.2181  96.2925 0001497  86.8646 273.2517 15.08840423151259
