STARLINK-3621           
1 51769U 22017B   25070.55165139  .00000695  00000+0  61747-4 0  9997
2 51769  53.2160 169.3071 0000759 101.6244 258.4833 15.08843840167786
STARLINK-3621           
1 51769U 22017B   25070.55165139  .00000695  00000+0  61747-4 0  9997
2 51769  53.2160 169.3071 0000759 101.6244 258.4833 15.08843840169238
STARLINK-3621           
1 51769U 22017B   25071.28029681  .00001349  00000+0  10286-3 0  9997
2 51769  53.2163 166.0382 0000753  93.0936 267.0142 15.08834320169340
STARLINK-3621           
1 51769U 22017B   25071.54525900  .00001276  00000+0  98216-4 0  9990
2 51769  53.2161 164.8493 0000791  89.9071 270.2012 15.08833660167934
STARLINK-3621           
1 51769U 22017B   25071.94269280  .00001682  00000+0  12374-3 0  9991
2 51769  53.2177 163.0671 0001035  95.7465 264.3645 15.08842998167990
STARLINK-3621           
1 51769U 22017B   25071.94269280  .00001682  00000+0  12374-3 0  9991
2 51769  53.2177 163.0671 0001035  95.7465 264.3645 15.08842998169442
STARLINK-3621           
1 51769U 22017B   25072.47261903  .00000035  00000+0  20261-4 0  9990
2 51769  53.2186 160.6898 0001167 104.4165 255.6957 15.08839549168072
STARLINK-3621           
1 51769U 22017B   25072.47261903  .00000035  00000+0  20261-4 0  9990
2 51769  53.2186 160.6898 0001167 104.4165 255.6957 15.08839549169523
STARLINK-3621           
1 51769U 22017B   25073.59870359  .00000803  00000+0  68564-4 0  9996
2 51769  53.2171 155.6347 0000995  94.1881 265.9225 15.08831555168247
STARLINK-3621           
1 51769U 22017B   25073.92989804  .00000344  00000+0  39669-4 0  9993
2 51769  53.2156 154.1445 0000904  84.8850 275.2245 15.08841468168290
STARLINK-3621           
1 51769U 22017B   25074.52606522 -.00000466  00000+0 -11164-4 0  9990
2 51769  53.2168 151.4689 0001316  91.2546 268.8597 15.08836407169831
STARLINK-3621           
1 51769U 22017B   25074.59230147  .00000448  00000+0  46226-4 0  9998
2 51769  53.2165 151.1722 0001200  88.8654 271.2476 15.08840012168398
STARLINK-3621           
1 51769U 22017B   25074.92349764  .00001133  00000+0  89241-4 0  9997
2 51769  53.2167 149.6844 0001180  86.0032 274.1095 15.08843602168447
STARLINK-3621           
1 51769U 22017B   25075.51966423  .00000641  00000+0  58355-4 0  9995
2 51769  53.2162 147.0058 0001056 105.9592 254.1516 15.08836241168532
STARLINK-3621           
1 51769U 22017B   25075.91710067  .00000873  00000+0  72917-4 0  9997
2 51769  53.2160 145.2213 0001049  99.6709 260.4401 15.08841817168598
STARLINK-3621           
1 51769U 22017B   25075.91710067  .00000873  00000+0  72917-4 0  9997
2 51769  53.2160 145.2213 0001049  99.6709 260.4401 15.08841817170041
STARLINK-3621           
1 51769U 22017B   25076.44702109  .00000615  00000+0  56732-4 0  9995
2 51769  53.2166 142.8450 0001223  90.3628 269.7505 15.08844847168674
STARLINK-3621           
1 51769U 22017B   25076.91069264  .00001401  00000+0  10605-3 0  9997
2 51769  53.2180 140.7635 0001530  80.4198 279.6967 15.08853847168745
STARLINK-3621           
1 51769U 22017B   25077.17565771  .00004064  00000+0  27334-3 0  9995
2 51769  53.2189 139.5701 0001099 124.5552 235.5544 15.08832822170237
STARLINK-3621           
1 51769U 22017B   25077.44061419  .00001036  00000+0  83138-4 0  9996
2 51769  53.2187 138.3808 0001743 126.2467 233.8687 15.08846795168825
STARLINK-3621           
1 51769U 22017B   25077.44061419  .00001036  00000+0  83138-4 0  9996
2 51769  53.2187 138.3808 0001743 126.2467 233.8687 15.08846795170277
STARLINK-3621           
1 51769U 22017B   25078.16925995  .00000273  00000+0  35237-4 0  9993
2 51769  53.2176 135.1131 0001335  90.0564 270.0581 15.08839909170389
STARLINK-3621           
1 51769U 22017B   25078.43422624 -.00002181  00000+0 -11898-3 0  9992
2 51769  53.2170 133.9206 0001466 118.2847 241.8293 15.08835563168974
STARLINK-3621           
1 51769U 22017B   25078.43422624 -.00002181  00000+0 -11898-3 0  9992
2 51769  53.2170 133.9206 0001466 118.2847 241.8293 15.08835563170427
STARLINK-3621           
1 51769U 22017B   25079.42782256  .00000119  00000+0  25583-4 0  9996
2 51769  53.2166 129.4651 0001445 101.3689 258.7466 15.08837893169122
STARLINK-3621           
1 51769U 22017B   25079.42782256  .00000119  00000+0  25583-4 0  9996
2 51769  53.2166 129.4651 0001445 101.3689 258.7466 15.08837893170573
STARLINK-3621           
1 51769U 22017B   25080.55391706  .00000318  00000+0  38073-4 0  9997
2 51769  53.2168 124.4065 0001382  94.6667 265.4483 15.08823247170740
STARLINK-3621           
1 51769U 22017B   25080.81887578  .00001006  00000+0  81287-4 0  9993
2 51769  53.2166 123.2192 0001396  84.6321 275.4830 15.08827659169338
STARLINK-3621           
1 51769U 22017B   25081.08383065 -.00000322  00000+0 -21365-5 0  9999
2 51769  53.2165 122.0278 0001204  84.9947 275.1182 15.08842173170825
STARLINK-3621           
1 51769U 22017B   25081.54749959  .00002085  00000+0  14900-3 0  9999
2 51769  53.2163 119.9461 0001373  83.8103 276.3046 15.08850381169449
STARLINK-3621           
1 51769U 22017B   25081.54749959  .00002085  00000+0  14900-3 0  9999
2 51769  53.2163 119.9461 0001373  83.8103 276.3046 15.08850381170890
STARLINK-3621           
1 51769U 22017B   25081.81245997  .00002145  00000+0  15278-3 0  9998
2 51769  53.2161 118.7566 0001295  88.4967 271.6173 15.08847698169482
STARLINK-3621           
1 51769U 22017B   25082.07742698  .00002196  00000+0  15603-3 0  9995
2 51769  53.2158 117.5680 0002259  83.7806 276.3443 15.08842440170971
STARLINK-3621           
1 51769U 22017B   25082.47487941  .00000550  00000+0  52641-4 0  9992
2 51769  53.2166 115.7836 0001309  90.3941 269.7201 15.08829381169584
STARLINK-3621           
1 51769U 22017B   25082.47487941  .00000550  00000+0  52641-4 0  9992
2 51769  53.2166 115.7836 0001309  90.3941 269.7201 15.08829381171037
STARLINK-3621           
1 51769U 22017B   25082.80607715  .00001390  00000+0  10541-3 0  9997
2 51769  53.2166 114.2963 0001346  90.8816 269.2330 15.08835351169634
STARLINK-3621           
1 51769U 22017B   25083.07103300  .00001066  00000+0  85030-4 0  9994
2 51769  53.2148 113.1062 0001375  90.5647 269.5503 15.08840441171121
STARLINK-3621           
1 51769U 22017B   25083.33599180  .00002098  00000+0  14987-3 0  9996
2 51769  53.2149 111.9172 0001378  92.7062 267.4088 15.08842569169718
STARLINK-3621           
1 51769U 22017B   25084.46207111  .00005334  00000+0  35291-3 0  9998
2 51769  53.2154 106.8624 0001350  93.8545 266.2601 15.08848964169888
STARLINK-3621           
1 51769U 22017B   25084.46207111  .00005334  00000+0  35291-3 0  9998
2 51769  53.2154 106.8624 0001350  93.8545 266.2601 15.08848964171331
STARLINK-3621           
1 51769U 22017B   25084.79326956  .00003792  00000+0  25614-3 0  9997
2 51769  53.2149 105.3753 0001354  93.3221 266.7926 15.08849000169932
STARLINK-3621           
1 51769U 22017B   25085.45567033  .00001252  00000+0  96725-4 0  9995
2 51769  53.2158 102.4016 0001498  97.7559 262.3603 15.08844498170036
STARLINK-3621           
1 51769U 22017B   25085.45567033  .00001252  00000+0  96725-4 0  9995
2 51769  53.2158 102.4016 0001498  97.7559 262.3603 15.08844498171486
STARLINK-3621           
1 51769U 22017B   25086.18431281 -.00000108  00000+0  11303-4 0  9990
2 51769  53.2168  99.1294 0001592 100.3090 259.8081 15.08837974171597
STARLINK-3621           
1 51769U 22017B   25086.25055468  .00000027  00000+0  19791-4 0  9995
2 51769  53.2177  98.8319 0001558 101.2606 258.8561 15.08837506170150
STARLINK-3621           
1 51769U 22017B   25086.71423454 -.00000073  00000+0  13506-4 0  9990
2 51769  53.2178  96.7506 0001538 100.2461 259.8705 15.08837960170225
STARLINK-3621           
1 51769U 22017B   25087.31039633  .00000391  00000+0  42680-4 0  9996
2 51769  53.2165  94.0754 0001408  95.7458 264.3695 15.08835433170319
STARLINK-3621           
1 51769U 22017B   25087.31039633  .00000391  00000+0  42680-4 0  9996
2 51769  53.2165  94.0754 0001408  95.7458 264.3695 15.08835433171769
STARLINK-3621           
1 51769U 22017B   25087.97279596  .00000952  00000+0  77889-4 0  9994
2 51769  53.2173  91.1025 0001399  94.6068 265.5084 15.08836948170419
STARLINK-3621           
1 51769U 22017B   25088.30400013  .00000769  00000+0  66417-4 0  9993
2 51769  53.2172  89.6151 0001393  92.5064 267.6088 15.08833147170467
STARLINK-3621           
1 51769U 22017B   25088.70143738  .00000916  00000+0  75622-4 0  9997
2 51769  53.2172  87.8307 0001395  90.8008 269.3144 15.08838628170529
STARLINK-3621           
1 51769U 22017B   25088.70143738  .00000916  00000+0  75622-4 0  9997
2 51769  53.2172  87.8307 0001395  90.8008 269.3144 15.08838628171979
STARLINK-3621           
1 51769U 22017B   25089.36383801  .00001049  00000+0  83964-4 0  9993
2 51769  53.2168  84.8564 0001354  86.9387 273.1760 15.08839355170623
STARLINK-3621           
1 51769U 22017B   25089.69503461  .00001181  00000+0  92270-4 0  9992
2 51769  53.2171  83.3697 0001380  86.7051 273.4099 15.08843874170677
STARLINK-3621           
1 51769U 22017B   25090.15871533  .00001174  00000+0  91826-4 0  9991
2 51769  53.2175  81.2882 0001413  87.1033 273.0121 15.08842096172192
STARLINK-3621           
1 51769U 22017B   25090.35743324  .00001444  00000+0  10881-3 0  9990
2 51769  53.2175  80.3961 0001432  86.8455 273.2701 15.08844518170774
STARLINK-3621           
1 51769U 22017B   25090.68863165  .00001160  00000+0  90958-4 0  9991
2 51769  53.2174  78.9095 0001440  86.7553 273.3604 15.08846099170826
STARLINK-3621           
1 51769U 22017B   25091.21856087  .00001085  00000+0  86268-4 0  9991
2 51769  53.2171  76.5308 0001410  91.1139 269.0015 15.08832377170902
STARLINK-3621           
1 51769U 22017B   25091.21856087  .00001085  00000+0  86268-4 0  9991
2 51769  53.2171  76.5308 0001410  91.1139 269.0015 15.08832377172353
STARLINK-3621           
1 51769U 22017B   25092.21218076 -.00003438  00000+0 -19817-3 0  9993
2 51769  53.2174  72.0698 0001490  91.7122 268.4041 15.08814625171059
STARLINK-3621           
1 51769U 22017B   25092.21218076 -.00003438  00000+0 -19817-3 0  9993
2 51769  53.2174  72.0698 0001490  91.7122 268.4041 15.08814625172500
STARLINK-3621           
1 51769U 22017B   25093.20572221  .00008704  00000+0  56354-3 0  9994
2 51769  53.2168  67.6075 0001634 107.2597 252.8574 15.08887637172658
STARLINK-3621           
1 51769U 22017B   25093.33820083  .00008418  00000+0  54564-3 0  9993
2 51769  53.2170  67.0129 0001648 109.7135 250.4035 15.08886921171228
STARLINK-3621           
1 51769U 22017B   25094.19937150  .00002085  00000+0  14912-3 0  9999
2 51769  53.2174  63.1476 0001638  93.1377 266.9803 15.08816660172800
STARLINK-3621           
1 51769U 22017B   25094.59681099  .00000378  00000+0  41850-4 0  9996
2 51769  53.2186  61.3654 0001659  92.7710 267.3472 15.08825856171410
STARLINK-3621           
1 51769U 22017B   25094.59681099  .00000378  00000+0  41850-4 0  9996
2 51769  53.2186  61.3654 0001659  92.7710 267.3472 15.08825856172860
STARLINK-3621           
1 51769U 22017B   25095.19296787 -.00002341  00000+0 -12903-3 0  9999
2 51769  53.2182  58.6901 0002038 117.0787 243.0413 15.08843517172957
STARLINK-3621           
1 51769U 22017B   25095.85532946 -.00021926  00000+0 -13602-2 0  9998
2 51769  53.2188  55.7154 0002204  81.4943 278.6299 15.08932042171603
STARLINK-3621           
1 51769U 22017B   25095.85532946 -.00021926  00000+0 -13602-2 0  9998
2 51769  53.2188  55.7154 0002204  81.4943 278.6299 15.08932042173054
STARLINK-3621           
1 51769U 22017B   25096.12032962  .00001471  00000+0  11056-3 0  9995
2 51769  53.2189  54.5255 0001816  95.3639 264.7560 15.08827231173092
STARLINK-3621           
1 51769U 22017B   25096.58401349  .00007578  00000+0  49400-3 0  9992
2 51769  53.2186  52.4435 0001908  94.8283 265.2927 15.08815862171714
STARLINK-3621           
1 51769U 22017B   25097.18017265  .00001403  00000+0  10627-3 0  9999
2 51769  53.2185  49.7662 0001829  89.1472 270.9730 15.08833879173257
STARLINK-3621           
1 51769U 22017B   25097.57760648  .00001744  00000+0  12763-3 0  9993
2 51769  53.2184  47.9839 0001841  88.0998 272.0205 15.08843118171869
STARLINK-3621           
1 51769U 22017B   25097.57760648  .00001744  00000+0  12763-3 0  9993
2 51769  53.2184  47.9839 0001841  88.0998 272.0205 15.08843118173311
STARLINK-3621           
1 51769U 22017B   25098.57119912  .00001977  00000+0  14224-3 0  9998
2 51769  53.2177  43.5195 0001630  93.4383 266.6795 15.08849924172014
STARLINK-3621           
1 51769U 22017B   25099.23360604  .00000315  00000+0  37909-4 0  9999
2 51769  53.2184  40.5439 0001810  97.3821 262.7377 15.08842410172117
STARLINK-3621           
1 51769U 22017B   25099.23360604  .00000315  00000+0  37909-4 0  9999
2 51769  53.2184  40.5439 0001810  97.3821 262.7377 15.08842410173567
STARLINK-3621           
1 51769U 22017B   25100.22720804 -.00002209  00000+0 -12073-3 0  9993
2 51769  53.2199  36.0844 0001930 107.2827 252.8376 15.08844332172263
STARLINK-3621           
1 51769U 22017B   25101.08832824  .00000067  00000+0  22337-4 0  9997
2 51769  53.2195  32.2197 0001630  99.5755 260.5422 15.08837917172391
STARLINK-3621           
1 51769U 22017B   25101.08832824  .00000067  00000+0  22337-4 0  9997
2 51769  53.2195  32.2197 0001630  99.5755 260.5422 15.08837917173842
STARLINK-3621           
1 51769U 22017B   25102.08191769  .00001812  00000+0  13185-3 0  9993
2 51769  53.2183  27.7633 0001403  89.7899 270.3254 15.08847859172545
STARLINK-3621           
1 51769U 22017B   25102.08191769  .00001812  00000+0  13185-3 0  9993
2 51769  53.2183  27.7633 0001403  89.7899 270.3254 15.08847859173995
STARLINK-3621           
1 51769U 22017B   25102.81056406  .00000579  00000+0  54483-4 0  9998
2 51769  53.2183  24.4888 0001248  74.7686 285.3444 15.08841191172658
STARLINK-3621           
1 51769U 22017B   25102.81056406  .00000579  00000+0  54483-4 0  9998
2 51769  53.2183  24.4888 0001248  74.7686 285.3444 15.08841191174100
STARLINK-3621           
1 51769U 22017B   25103.07553861 -.00001574  00000+0 -80861-4 0  9991
2 51769  53.2179  23.3016 0001015  81.0450 279.0657 15.08824702172695
STARLINK-3621           
1 51769U 22017B   25103.07553861 -.00001574  00000+0 -80861-4 0  9991
2 51769  53.2179  23.3016 0001015  81.0450 279.0657 15.08824702174147
STARLINK-3621           
1 51769U 22017B   25104.20161782 -.00002100  00000+0 -11393-3 0  9993
2 51769  53.2186  18.2465 0001135  95.2907 264.8215 15.08837301174313
STARLINK-3621           
1 51769U 22017B   25104.93025298  .00003681  00000+0  24921-3 0  9998
2 51769  53.2190  14.9768 0001054  99.6737 260.4374 15.08839383172976
STARLINK-3621           
1 51769U 22017B   25105.06273522  .00008059  00000+0  52378-3 0  9999
2 51769  53.2180  14.3820 0001198 105.9040 254.2084 15.08846767174442
STARLINK-3621           
1 51769U 22017B   25105.46017105  .00009736  00000+0  62861-3 0  9997
2 51769  53.2179  12.5977 0001217  83.9503 276.1627 15.08859272173051
STARLINK-3621           
1 51769U 22017B   25105.92385828  .00003948  00000+0  26597-3 0  9993
2 51769  53.2179  10.5173 0001250 100.5532 259.5601 15.08843817173125
STARLINK-3621           
1 51769U 22017B   25106.05634203  .00001137  00000+0  89496-4 0  9998
2 51769  53.2179   9.9216 0001261  81.7577 278.3558 15.08836194174598
STARLINK-3621           
1 51769U 22017B   25106.45378057  .00002329  00000+0  16437-3 0  9992
2 51769  53.2182   8.1376 0001062 106.3099 253.8010 15.08841520173209
STARLINK-3621           
1 51769U 22017B   25106.71873261  .00003119  00000+0  21392-3 0  9992
2 51769  53.2182   6.9467 0001168 118.3612 241.7498 15.08851836174698
STARLINK-3621           
1 51769U 22017B   25106.91744452  .00006261  00000+0  41079-3 0  9998
2 51769  53.2177   6.0568 0001082  75.4399 284.6713 15.08870416173279
STARLINK-3621           
1 51769U 22017B   25106.91744452  .00006261  00000+0  41079-3 0  9998
2 51769  53.2177   6.0568 0001082  75.4399 284.6713 15.08870416174720
STARLINK-3621           
1 51769U 22017B   25107.91105820 -.00012170  00000+0 -74837-3 0  9995
2 51769  53.2164   1.5961 0001403  51.1958 308.9159 15.08815498173421
STARLINK-3621           
1 51769U 22017B   25107.91105820 -.00012170  00000+0 -74837-3 0  9995
2 51769  53.2164   1.5961 0001403  51.1958 308.9159 15.08815498174871
STARLINK-3621           
1 51769U 22017B   25108.83843737  .00016268  00000+0  10383-2 0  9998
2 51769  53.2176 357.4327 0001463  60.5856 299.5282 15.08823426175019
STARLINK-3621           
1 51769U 22017B   25109.63331310  .00017370  00000+0  11062-2 0  9996
2 51769  53.2177 353.8647 0001500  66.5403 293.5747 15.08858975173689
STARLINK-3621           
1 51769U 22017B   25109.63331310  .00017370  00000+0  11062-2 0  9996
2 51769  53.2177 353.8647 0001500  66.5403 293.5747 15.08858975175131
STARLINK-3621           
1 51769U 22017B   25111.62050199  .00012217  00000+0  78368-3 0  9999
2 51769  53.2162 344.9447 0001141 359.9824   0.1167 15.08870393173988
STARLINK-3621           
1 51769U 22017B   25111.62050199  .00012217  00000+0  78368-3 0  9999
2 51769  53.2162 344.9447 0001141 359.9824   0.1167 15.08870393175430
STARLINK-3621           
1 51769U 22017B   25112.94530243  .00005618  00000+0  37077-3 0  9997
2 51769  53.2175 338.9979 0001186  91.7537 268.3591 15.08843981174181
STARLINK-3621           
1 51769U 22017B   25113.93890851  .00002132  00000+0  15201-3 0  9994
2 51769  53.2154 334.5430 0001659  67.0754 293.0413 15.08838341175783
STARLINK-3621           
1 51769U 22017B   25114.60130672  .00002004  00000+0  14394-3 0  9997
2 51769  53.2182 331.5617 0001247  86.7592 273.3543 15.08840211174434
STARLINK-3621           
1 51769U 22017B   25114.99874449  .00003194  00000+0  21864-3 0  9997
2 51769  53.2164 329.7795 0001423  81.1733 278.9420 15.08845728174491
STARLINK-3621           
1 51769U 22017B   25114.99874449  .00003194  00000+0  21864-3 0  9997
2 51769  53.2164 329.7795 0001423  81.1733 278.9420 15.08845728175942
STARLINK-3621           
1 51769U 22017B   25115.85986631  .00001721  00000+0  12618-3 0  9991
2 51769  53.2162 325.9093 0001845  94.4356 265.6847 15.08843141174622
STARLINK-3621           
1 51769U 22017B   25115.85986631  .00001721  00000+0  12618-3 0  9991
2 51769  53.2162 325.9093 0001845  94.4356 265.6847 15.08843141176073
STARLINK-3621           
1 51769U 22017B   25115.99234878  .00000046  00000+0  21005-4 0  9995
2 51769  53.2159 325.3191 0001298  89.4905 270.6235 15.08836440176091
STARLINK-3621           
1 51769U 22017B   25116.85346567  .00000194  00000+0  30255-4 0  9991
2 51769  53.2178 321.4515 0001252  91.6711 268.4424 15.08842988174771
STARLINK-3621           
1 51769U 22017B   25117.58210518 -.00006984  00000+0 -42071-3 0  9991
2 51769  53.2198 318.1853 0000754 115.4903 244.6167 15.08877967176334
STARLINK-3621           
1 51769U 22017B   25117.91331106  .00000914  00000+0  75537-4 0  9994
2 51769  53.2188 316.6942 0001435  81.2955 278.8200 15.08834606174933
STARLINK-3621           
1 51769U 22017B   25117.91331106  .00000914  00000+0  75537-4 0  9994
2 51769  53.2188 316.6942 0001435  81.2955 278.8200 15.08834606176384
STARLINK-3621           
1 51769U 22017B   25118.50945745  .00001568  00000+0  11656-3 0  9997
2 51769  53.2188 314.0151 0000638 101.3289 258.7775 15.08847639175020
STARLINK-3621           
1 51769U 22017B   25118.50945745  .00001568  00000+0  11656-3 0  9997
2 51769  53.2188 314.0151 0000638 101.3289 258.7775 15.08847639176470
STARLINK-3621           
1 51769U 22017B   25121.75523117  .00001688  00000+0  12416-3 0  9991
2 51769  53.2179 299.4479 0001498  86.7853 273.3310 15.08838295175517
STARLINK-3621           
1 51769U 22017B   25122.61635027  .00000799  00000+0  68253-4 0  9994
2 51769  53.2181 295.5803 0001200 109.3713 250.7408 15.08840433175644
STARLINK-3621           
1 51769U 22017B   25122.74883245  .00000462  00000+0  47093-4 0  9991
2 51769  53.2184 294.9866 0001493  94.9663 265.1500 15.08840052175668
STARLINK-3621           
1 51769U 22017B   25123.47747710  .00002691  00000+0  18719-3 0  9996
2 51769  53.2185 291.7158 0001502  97.5940 262.5223 15.08827851177225
STARLINK-3621           
1 51769U 22017B   25123.60996157  .00003473  00000+0  23631-3 0  9990
2 51769  53.2186 291.1207 0001467 100.0812 260.0346 15.08819806175793
STARLINK-3621           
1 51769U 22017B   25123.80867986 -.00000823  00000+0 -33641-4 0  9990
2 51769  53.2179 290.2298 0001490  92.4581 267.6581 15.08833216175827
STARLINK-3621           
1 51769U 22017B   25124.47107914  .00000371  00000+0  41378-4 0  9994
2 51769  53.2171 287.2559 0001360  88.7131 271.4017 15.08832778175920
STARLINK-3621           
1 51769U 22017B   25124.80227797  .00000206  00000+0  31018-4 0  9990
2 51769  53.2170 285.7680 0001308  86.7334 273.3808 15.08837118175979
STARLINK-3621           
1 51769U 22017B   25124.80227797  .00000206  00000+0  31018-4 0  9990
2 51769  53.2170 285.7680 0001308  86.7334 273.3808 15.08837118177421
STARLINK-3621           
1 51769U 22017B   25125.72963691  .00001526  00000+0  11395-3 0  9993
2 51769  53.2179 281.6051 0001408  87.2807 272.8346 15.08837738176113
STARLINK-3621           
1 51769U 22017B   25126.12707676  .00001201  00000+0  93508-4 0  9994
2 51769  53.2180 279.8212 0001398  87.0540 273.0612 15.08839457177629
STARLINK-3621           
1 51769U 22017B   25126.85572357  .00000240  00000+0  33149-4 0  9997
2 51769  53.2194 276.5521 0001434  96.4743 263.6413 15.08835104176281
STARLINK-3621           
1 51769U 22017B   25126.85572357  .00000240  00000+0  33149-4 0  9997
2 51769  53.2194 276.5521 0001434  96.4743 263.6413 15.08835104177732
STARLINK-3621           
1 51769U 22017B   25127.71684329  .00000010  00000+0  18715-4 0  9993
2 51769  53.2188 272.6851 0001160  87.9312 272.1813 15.08837977176414
STARLINK-3621           
1 51769U 22017B   25128.11428023  .00000056  00000+0  21604-4 0  9996
2 51769  53.2188 270.9001 0001431  86.4638 273.6518 15.08842655177922
STARLINK-3621           
1 51769U 22017B   25128.71043857  .00001082  00000+0  86076-4 0  9994
2 51769  53.2178 268.2239 0001304  87.6497 272.4645 15.08842163176560
STARLINK-3621           
1 51769U 22017B   25129.37283961  .00000861  00000+0  72151-4 0  9992
2 51769  53.2176 265.2509 0001328  85.6531 274.4613 15.08840623178117
STARLINK-3621           
1 51769U 22017B   25129.63780117  .00000090  00000+0  23729-4 0  9997
2 51769  53.2178 264.0612 0001293  86.5452 273.5688 15.08840213176704
STARLINK-3621           
1 51769U 22017B   25130.63139726  .00000292  00000+0  36446-4 0  9997
2 51769  53.2170 259.6002 0001142  89.2942 270.8181 15.08842231176852
STARLINK-3621           
1 51769U 22017B   25130.63139726  .00000292  00000+0  36446-4 0  9997
2 51769  53.2170 259.6002 0001142  89.2942 270.8181 15.08842231178304
STARLINK-3621           
1 51769U 22017B   25131.36004154 -.00000221  00000+0  41976-5 0  9992
2 51769  53.2174 256.3294 0001219  92.5220 267.5911 15.08836238178412
STARLINK-3621           
1 51769U 22017B   25131.62500652 -.00001051  00000+0 -47944-4 0  9998
2 51769  53.2177 255.1386 0001239  95.4538 264.6596 15.08832142177001
STARLINK-3621           
1 51769U 22017B   25131.62500652 -.00001051  00000+0 -47944-4 0  9998
2 51769  53.2177 255.1386 0001239  95.4538 264.6596 15.08832142178451
STARLINK-3621           
1 51769U 22017B   25132.61859606 -.00000888  00000+0 -37708-4 0  9998
2 51769  53.2178 250.6767 0001159  83.0113 277.1011 15.08835561177153
STARLINK-3621           
1 51769U 22017B   25132.75107853 -.00001137  00000+0 -53368-4 0  9991
2 51769  53.2180 250.0831 0001167  85.1826 274.9299 15.08833014177171
STARLINK-3621           
1 51769U 22017B   25132.75107853 -.00001137  00000+0 -53368-4 0  9991
2 51769  53.2180 250.0831 0001167  85.1826 274.9299 15.08833014178622
STARLINK-3621           
1 51769U 22017B   25133.54597131 -.00001118  00000+0 -52179-4 0  9999
2 51769  53.2197 246.5190 0001510 101.9017 258.2144 15.08819742178748
STARLINK-3621           
1 51769U 22017B   25133.61221246 -.00001096  00000+0 -50830-4 0  9995
2 51769  53.2198 246.2214 0001490 100.5923 259.5237 15.08819778177308
STARLINK-3621           
1 51769U 22017B   25134.47332494  .00000878  00000+0  73265-4 0  9990
2 51769  53.2197 242.3557 0001529 100.5813 259.5351 15.08830020178889
STARLINK-3621           
1 51769U 22017B   25134.53956591  .00000804  00000+0  68611-4 0  9995
2 51769  53.2194 242.0583 0001515 100.6830 259.4333 15.08829455177447
STARLINK-3621           
1 51769U 22017B   25134.67204563  .00000514  00000+0  50408-4 0  9998
2 51769  53.2187 241.4635 0001436 105.0135 255.1016 15.08832039177464
STARLINK-3621           
1 51769U 22017B   25135.86437124  .00001305  00000+0  10010-3 0  9994
2 51769  53.2170 236.1073 0001226  83.4379 276.6752 15.08832416179094
STARLINK-3621           
1 51769U 22017B   25136.52677516  .00000315  00000+0  37901-4 0  9998
2 51769  53.2160 233.1366 0001452  79.0415 281.0741 15.08837788177743
STARLINK-3621           
1 51769U 22017B   25136.65924964  .00001036  00000+0  83173-4 0  9997
2 51769  53.2173 232.5358 0001441  87.2766 272.8391 15.08843012177767
STARLINK-3621           
1 51769U 22017B   25136.65924964  .00001036  00000+0  83173-4 0  9997
2 51769  53.2173 232.5358 0001441  87.2766 272.8391 15.08843012179219
STARLINK-3621           
1 51769U 22017B   25137.52035960  .00013596  00000+0  87212-3 0  9994
2 51769  53.2184 228.6733 0001614  91.8919 268.2258 15.08778129177896
STARLINK-3621           
1 51769U 22017B   25137.52035960  .00013596  00000+0  87212-3 0  9994
2 51769  53.2184 228.6733 0001614  91.8919 268.2258 15.08778129179348
STARLINK-3621           
1 51769U 22017B   25138.24900851  .00000901  00000+0  74697-4 0  9994
2 51769  53.2163 225.4030 0002292  75.0728 285.0518 15.08841987179456
STARLINK-3621           
1 51769U 22017B   25138.51397586 -.00001830  00000+0 -96925-4 0  9991
2 51769  53.2179 224.2146 0001467  98.5932 261.5226 15.08836700178044
STARLINK-3621           
1 51769U 22017B   25138.51397586 -.00001830  00000+0 -96925-4 0  9991
2 51769  53.2179 224.2146 0001467  98.5932 261.5226 15.08836700179494
STARLINK-3621           
1 51769U 22017B   25139.24261022 -.00000283  00000+0  30448-6 0  9997
2 51769  53.2189 220.9447 0001285  96.9864 263.1275 15.08838670179609
STARLINK-3621           
1 51769U 22017B   25139.50756926 -.00001177  00000+0 -55890-4 0  9998
2 51769  53.2179 219.7551 0001332  94.3059 265.8085 15.08844246178198
STARLINK-3621           
1 51769U 22017B   25139.90500579 -.00000732  00000+0 -27916-4 0  9997
2 51769  53.2181 217.9711 0001330  94.4738 265.6406 15.08846590179709
STARLINK-3621           
1 51769U 22017B   25140.43493415  .00000729  00000+0  63878-4 0  9998
2 51769  53.2183 215.5925 0001418  98.8658 261.2495 15.08830501179781
STARLINK-3621           
1 51769U 22017B   25140.56741433  .00000485  00000+0  48572-4 0  9991
2 51769  53.2177 214.9968 0001361  97.2272 262.8875 15.08831526178355
STARLINK-3621           
1 51769U 22017B   25141.49477721  .00000577  00000+0  54338-4 0  9999
2 51769  53.2174 210.8351 0001397 100.1128 260.0022 15.08830226178491
STARLINK-3621           
1 51769U 22017B   25141.49477721  .00000577  00000+0  54338-4 0  9999
2 51769  53.2174 210.8351 0001397 100.1128 260.0022 15.08830226179942
STARLINK-3621           
1 51769U 22017B   25141.89221440 -.00000519  00000+0 -14544-4 0  9991
2 51769  53.2174 209.0501 0001360  93.9189 266.1959 15.08839400180003
STARLINK-3621           
1 51769U 22017B   25142.55461486  .00000059  00000+0  21815-4 0  9997
2 51769  53.2172 206.0764 0001287  89.5289 270.5851 15.08838548178659
STARLINK-3621           
1 51769U 22017B   25143.54821525  .00000267  00000+0  34874-4 0  9991
2 51769  53.2168 201.6156 0001232  87.9809 272.1324 15.08838329178807
STARLINK-3621           
1 51769U 22017B   25143.54821525  .00000267  00000+0  34874-4 0  9991
2 51769  53.2168 201.6156 0001232  87.9809 272.1324 15.08838329180259
STARLINK-3621           
1 51769U 22017B   25144.54181486 -.00000016  00000+0  17102-4 0  9995
2 51769  53.2163 197.1544 0001177  88.9146 271.1981 15.08839954178954
STARLINK-3621           
1 51769U 22017B   25144.87301711 -.00000260  00000+0  17501-5 0  9991
2 51769  53.2163 195.6663 0001125  90.4335 269.6786 15.08836792179009
STARLINK-3621           
1 51769U 22017B   25144.87301711 -.00000260  00000+0  17501-5 0  9991
2 51769  53.2163 195.6663 0001125  90.4335 269.6786 15.08836792180450
STARLINK-3621           
1 51769U 22017B   25145.40295010 -.00001103  00000+0 -51197-4 0  9991
2 51769  53.2162 193.2874 0002065  94.5307 265.5921 15.08829044179080
STARLINK-3621           
1 51769U 22017B   25145.40295010 -.00001103  00000+0 -51197-4 0  9991
2 51769  53.2162 193.2874 0002065  94.5307 265.5921 15.08829044180532
STARLINK-3621           
1 51769U 22017B   25147.39015471  .00002766  00000+0  19187-3 0  9998
2 51769  53.2166 184.3691 0001315  85.3170 274.7972 15.08828982179386
STARLINK-3621           
1 51769U 22017B   25147.39015471  .00002766  00000+0  19187-3 0  9998
2 51769  53.2166 184.3691 0001315  85.3170 274.7972 15.08828982180838
STARLINK-3621           
1 51769U 22017B   25148.38374987  .00000674  00000+0  60411-4 0  9991
2 51769  53.2162 179.9075 0001285  81.1048 279.0090 15.08846045179538
STARLINK-3621           
1 51769U 22017B   25148.38374987  .00000674  00000+0  60411-4 0  9991
2 51769  53.2162 179.9075 0001285  81.1048 279.0090 15.08846045180989
STARLINK-3621           
1 51769U 22017B   25148.78118546  .00000934  00000+0  76719-4 0  9999
2 51769  53.2163 178.1233 0001305  80.7092 279.4048 15.08848999179596
STARLINK-3621           
1 51769U 22017B   25149.37734972 -.00000270  00000+0  11503-5 0  9997
2 51769  53.2173 175.4478 0001455  84.3732 275.7426 15.08843109179682
STARLINK-3621           
1 51769U 22017B   25149.37734972 -.00000270  00000+0  11503-5 0  9997
2 51769  53.2173 175.4478 0001455  84.3732 275.7426 15.08843109181135
STARLINK-3621           
1 51769U 22017B   25150.43718286 -.00000424  00000+0 -85378-5 0  9999
2 51769  53.2167 170.6894 0001368  82.6178 277.4969 15.08847887179848
STARLINK-3621           
1 51769U 22017B   25150.43718286 -.00000424  00000+0 -85378-5 0  9999
2 51769  53.2167 170.6894 0001368  82.6178 277.4969 15.08847887181290
STARLINK-3621           
1 51769U 22017B   25151.43078212 -.00000029  00000+0  16276-4 0  9998
2 51769  53.2159 166.2288 0001307  84.3849 275.7293 15.08842382179996
STARLINK-3621           
1 51769U 22017B   25151.76198166 -.00000057  00000+0  14501-4 0  9995
2 51769  53.2158 164.7419 0001306  84.2549 275.8592 15.08841920180047
STARLINK-3621           
1 51769U 22017B   25151.76198166 -.00000057  00000+0  14501-4 0  9995
2 51769  53.2158 164.7419 0001306  84.2549 275.8592 15.08841920181497
STARLINK-3621           
1 51769U 22017B   25152.42438351 -.00000339  00000+0 -32331-5 0  9998
2 51769  53.2161 161.7677 0001345  88.5051 271.6096 15.08839956180142
STARLINK-3621           
1 51769U 22017B   25152.75557958  .00000328  00000+0  38723-4 0  9995
2 51769  53.2163 160.2811 0001343  88.2620 271.8526 15.08843646180191
