STARLINK-31003          
1 58520U 23191N   25070.54570192  .00000402  00000+0  44826-4 0  9996
2 58520  43.0006 279.3233 0001027 270.1725  89.9000 15.02533533 70810
STARLINK-31003          
1 58520U 23191N   25071.27695061  .00001668  00000+0  13849-3 0  9995
2 58520  43.0019 275.3511 0001166 268.1019  91.9690 15.02540074 70957
STARLINK-31003          
1 58520U 23191N   25071.60934214  .00001497  00000+0  12587-3 0  9996
2 58520  43.0009 273.5441 0000984 265.1029  94.9701 15.02536814 70978
STARLINK-31003          
1 58520U 23191N   25072.87241774  .00000537  00000+0  54842-4 0  9993
2 58520  43.0013 266.6825 0001046 269.0143  91.0579 15.02542101 71161
STARLINK-31003          
1 58520U 23191N   25072.87241774  .00000537  00000+0  54842-4 0  9993
2 58520  43.0013 266.6825 0001046 269.0143  91.0579 15.02542101 71194
STARLINK-31003          
1 58520U 23191N   25073.53719977  .00000335  00000+0  39890-4 0  9994
2 58520  43.0012 263.0700 0001129 269.3352  90.7360 15.02535522 71264
STARLINK-31003          
1 58520U 23191N   25073.86958872  .00000341  00000+0  40327-4 0  9993
2 58520  43.0024 261.2637 0001350 279.0916  80.9773 15.02536767 71313
STARLINK-31003          
1 58520U 23191N   25074.53437101 -.00000202  00000+0  11050-6 0  9995
2 58520  43.0018 257.6504 0001247 264.5666  95.5034 15.02532377 71410
STARLINK-31003          
1 58520U 23191N   25074.66732675 -.00000117  00000+0  64103-5 0  9994
2 58520  43.0027 256.9280 0001289 265.5217  94.5478 15.02532834 71433
STARLINK-31003          
1 58520U 23191N   25074.66732675 -.00000117  00000+0  64103-5 0  9994
2 58520  43.0027 256.9280 0001289 265.5217  94.5478 15.02532834 71466
STARLINK-31003          
1 58520U 23191N   25075.53153885  .00001253  00000+0  10785-3 0  9997
2 58520  43.0028 252.2322 0001441 261.9073  98.1606 15.02532134 71560
STARLINK-31003          
1 58520U 23191N   25076.19631469  .00002945  00000+0  23299-3 0  9992
2 58520  43.0027 248.6206 0001224 270.5612  89.5090 15.02535199 71692
STARLINK-31003          
1 58520U 23191N   25076.46222432  .00002286  00000+0  18426-3 0  9992
2 58520  43.0035 247.1773 0001338 276.2845  83.7845 15.02539712 71702
STARLINK-31003          
1 58520U 23191N   25076.86108613  .00002931  00000+0  23192-3 0  9993
2 58520  43.0030 245.0086 0001349 268.0910  91.9778 15.02545631 71764
STARLINK-31003          
1 58520U 23191N   25076.86108613  .00002931  00000+0  23192-3 0  9993
2 58520  43.0030 245.0086 0001349 268.0910  91.9778 15.02545631 71797
STARLINK-31003          
1 58520U 23191N   25077.45939734 -.00000840  00000+0 -47098-4 0  9996
2 58520  43.0003 241.7551 0001307 264.6216  95.4477 15.02532253 71850
STARLINK-31003          
1 58520U 23191N   25077.45939734 -.00000840  00000+0 -47098-4 0  9996
2 58520  43.0003 241.7551 0001307 264.6216  95.4477 15.02532253 71883
STARLINK-31003          
1 58520U 23191N   25077.65883427 -.00001801  00000+0 -11831-3 0  9998
2 58520  43.0023 240.6741 0001338 271.6307  88.4382 15.02528065 71880
STARLINK-31003          
1 58520U 23191N   25078.45656250  .00002064  00000+0  16779-3 0  9995
2 58520  43.0024 236.3357 0001764 255.0631 105.0016 15.02538377 72007
STARLINK-31003          
1 58520U 23191N   25078.72247124  .00002852  00000+0  22601-3 0  9997
2 58520  43.0001 234.8973 0001325 305.9555  54.1165 15.02546657 72045
STARLINK-31003          
1 58520U 23191N   25078.72247124  .00002852  00000+0  22601-3 0  9997
2 58520  43.0001 234.8973 0001325 305.9555  54.1165 15.02546657 72078
STARLINK-31003          
1 58520U 23191N   25079.45372553  .00002609  00000+0  20803-3 0  9995
2 58520  42.9981 230.9165 0000677 204.9215 155.1594 15.02547152 72151
STARLINK-31003          
1 58520U 23191N   25079.45372553  .00002609  00000+0  20803-3 0  9995
2 58520  42.9981 230.9165 0000677 204.9215 155.1594 15.02547152 72184
STARLINK-31003          
1 58520U 23191N   25079.71963957  .00002515  00000+0  20117-3 0  9992
2 58520  42.9990 229.4723 0001176 236.4269 123.6461 15.02537938 72220
STARLINK-31003          
1 58520U 23191N   25080.45089535 -.00000689  00000+0 -35949-4 0  9998
2 58520  42.9987 225.4984 0001191 232.9291 127.1442 15.02536849 72301
STARLINK-31003          
1 58520U 23191N   25080.71680868 -.00001222  00000+0 -75396-4 0  9997
2 58520  42.9989 224.0550 0001214 238.7623 121.3101 15.02533385 72340
STARLINK-31003          
1 58520U 23191N   25080.71680868 -.00001222  00000+0 -75396-4 0  9997
2 58520  42.9989 224.0550 0001214 238.7623 121.3101 15.02533385 72373
STARLINK-31003          
1 58520U 23191N   25081.44805960  .00001415  00000+0  11974-3 0  9993
2 58520  43.0013 220.0839 0001224 275.5883  84.4820 15.02542779 72483
STARLINK-31003          
1 58520U 23191N   25081.58100942  .00002263  00000+0  18247-3 0  9998
2 58520  43.0010 219.3601 0001176 263.8571  96.2138 15.02548269 72470
STARLINK-31003          
1 58520U 23191N   25081.78044337  .00003655  00000+0  28542-3 0  9990
2 58520  43.0002 218.2761 0001304 258.8998 101.1698 15.02550447 72508
STARLINK-31003          
1 58520U 23191N   25082.51171194 -.00000301  00000+0 -72047-5 0  9992
2 58520  42.9984 214.3030 0000993 240.5005 119.5739 15.02530770 72619
STARLINK-31003          
1 58520U 23191N   25082.51171194 -.00000301  00000+0 -72047-5 0  9992
2 58520  42.9984 214.3030 0000993 240.5005 119.5739 15.02530770 72642
STARLINK-31003          
1 58520U 23191N   25082.77762514 -.00000561  00000+0 -26478-4 0  9996
2 58520  43.0007 212.8593 0001430 261.0595  99.0085 15.02529608 72651
STARLINK-31003          
1 58520U 23191N   25083.64183532  .00000808  00000+0  74874-4 0  9995
2 58520  43.0012 208.1639 0001422 260.3437  99.7245 15.02538335 72780
STARLINK-31003          
1 58520U 23191N   25083.84125925  .00005156  00000+0  39628-3 0  9997
2 58520  43.0012 207.0785 0001629 270.4009  89.6647 15.02557070 72844
STARLINK-31003          
1 58520U 23191N   25084.63900134  .00005438  00000+0  41720-3 0  9997
2 58520  42.9967 202.7402 0000508 132.3770 227.7115 15.02547609 72937
STARLINK-31003          
1 58520U 23191N   25084.63900134  .00005438  00000+0  41720-3 0  9997
2 58520  42.9967 202.7402 0000508 132.3770 227.7115 15.02547609 72960
STARLINK-31003          
1 58520U 23191N   25085.03786518  .00001429  00000+0  12079-3 0  9991
2 58520  43.0066 200.5820 0002313 280.4146  79.6435 15.02549067 73027
STARLINK-31003          
1 58520U 23191N   25085.56978147 -.00036774  00000+0 -27338-2 0  9996
2 58520  43.0034 197.6887 0004167 276.8193  83.2175 15.02358010 73108
STARLINK-31003          
1 58520U 23191N   25085.70265207  .00002160  00000+0  17490-3 0  9997
2 58520  42.9956 196.9634 0000425 260.2229  99.8565 15.02539478 73094
STARLINK-31003          
1 58520U 23191N   25085.70265207  .00002160  00000+0  17490-3 0  9997
2 58520  42.9956 196.9634 0000425 260.2229  99.8565 15.02539478 73128
STARLINK-31003          
1 58520U 23191N   25086.30093407  .00005998  00000+0  45829-3 0  9994
2 58520  43.0017 193.7165 0003716 288.9742  71.0698 15.02566544 73184
STARLINK-31003          
1 58520U 23191N   25086.56685389  .00002140  00000+0  17341-3 0  9992
2 58520  43.0003 192.2708 0001236 271.2344  88.8357 15.02550394 73256
STARLINK-31003          
1 58520U 23191N   25086.76628581  .00002130  00000+0  17260-3 0  9994
2 58520  43.0000 191.1864 0001420 271.8601  88.2079 15.02550544 73253
STARLINK-31003          
1 58520U 23191N   25087.76345918 -.00014183  00000+0 -10366-2 0  9997
2 58520  42.9975 185.7714 0002560 272.7898  87.2651 15.02545798 73406
STARLINK-31003          
1 58520U 23191N   25087.76345918 -.00014183  00000+0 -10366-2 0  9997
2 58520  42.9975 185.7714 0002560 272.7898  87.2651 15.02545798 73439
STARLINK-31003          
1 58520U 23191N   25087.96290663 -.00008817  00000+0 -63862-3 0  9992
2 58520  42.9976 184.6845 0000874 298.9549  61.1205 15.02527689 73437
STARLINK-31003          
1 58520U 23191N   25087.96290663 -.00008817  00000+0 -63862-3 0  9992
2 58520  42.9976 184.6845 0000874 298.9549  61.1205 15.02527689 73460
STARLINK-31003          
1 58520U 23191N   25088.69416556  .00001153  00000+0  10037-3 0  9994
2 58520  43.0014 180.7125 0001037 275.2562  84.8162 15.02535369 73545
STARLINK-31003          
1 58520U 23191N   25088.69416556  .00001153  00000+0  10037-3 0  9994
2 58520  43.0014 180.7125 0001037 275.2562  84.8162 15.02535369 73578
STARLINK-31003          
1 58520U 23191N   25089.29246615  .00006081  00000+0  46472-3 0  9995
2 58520  43.0023 177.4613 0001306 264.8420  95.2274 15.02542915 73631
STARLINK-31003          
1 58520U 23191N   25089.69132322  .00008357  00000+0  63257-3 0  9996
2 58520  42.9996 175.2945 0000891 262.9095  97.1646 15.02558986 73692
STARLINK-31003          
1 58520U 23191N   25089.69132322  .00008357  00000+0  63257-3 0  9996
2 58520  42.9996 175.2945 0000891 262.9095  97.1646 15.02558986 73726
STARLINK-31003          
1 58520U 23191N   25089.95726089  .00007146  00000+0  54365-3 0  9999
2 58520  42.9921 173.8483 0002071  83.7893 276.3185 15.02526483 73762
STARLINK-31003          
1 58520U 23191N   25090.48905810  .00001439  00000+0  12155-3 0  9990
2 58520  43.0017 170.9594 0001170 264.9362  95.1347 15.02545436 73816
STARLINK-31003          
1 58520U 23191N   25090.48905810  .00001439  00000+0  12155-3 0  9990
2 58520  43.0017 170.9594 0001170 264.9362  95.1347 15.02545436 73849
STARLINK-31003          
1 58520U 23191N   25090.68848722  .00000451  00000+0  48440-4 0  9990
2 58520  43.0015 169.8742 0001104 261.6678  98.4039 15.02550168 73842
STARLINK-31003          
1 58520U 23191N   25091.48622037 -.00000913  00000+0 -52513-4 0  9999
2 58520  43.0010 165.5395 0000945 265.6584  94.4151 15.02543756 73965
STARLINK-31003          
1 58520U 23191N   25091.88508918  .00000904  00000+0  82008-4 0  9994
2 58520  43.0019 163.3718 0001226 265.1213  94.9490 15.02537350 74028
STARLINK-31003          
1 58520U 23191N   25091.88508918  .00000904  00000+0  82008-4 0  9994
2 58520  43.0019 163.3718 0001226 265.1213  94.9490 15.02537350 74051
STARLINK-31003          
1 58520U 23191N   25092.48339031  .00001597  00000+0  13324-3 0  9992
2 58520  43.0013 160.1213 0001203 267.4715  92.5989 15.02537772 74119
STARLINK-31003          
1 58520U 23191N   25092.61634735  .00003118  00000+0  24579-3 0  9991
2 58520  43.0010 159.3988 0000931 260.7737  99.3000 15.02535627 74130
STARLINK-31003          
1 58520U 23191N   25093.14816487  .00003062  00000+0  24160-3 0  9990
2 58520  43.0012 156.5087 0001053 268.8796  91.1926 15.02543923 74248
STARLINK-31003          
1 58520U 23191N   25093.48055091  .00003358  00000+0  26348-3 0  9991
2 58520  43.0012 154.7026 0001050 268.5537  91.5185 15.02547873 74269
STARLINK-31003          
1 58520U 23191N   25093.61350537  .00003300  00000+0  25913-3 0  9993
2 58520  43.0010 153.9801 0001045 268.5210  91.5512 15.02548522 74289
STARLINK-31003          
1 58520U 23191N   25094.21181504  .00000886  00000+0  80676-4 0  9990
2 58520  42.9987 150.7250 0000870 241.6814 118.3940 15.02531406 74400
STARLINK-31003          
1 58520U 23191N   25094.54420489 -.00000562  00000+0 -26503-4 0  9996
2 58520  43.0014 148.9231 0001246 276.1822  83.8878 15.02531972 74427
STARLINK-31003          
1 58520U 23191N   25095.47489015  .00012206  00000+0  91665-3 0  9995
2 58520  43.0017 143.8660 0001328 284.0787  75.9908 15.02553920 74590
STARLINK-31003          
1 58520U 23191N   25095.80727923  .00006216  00000+0  47465-3 0  9998
2 58520  43.0014 142.0571 0001112 298.8725  61.2006 15.02548776 74618
STARLINK-31003          
1 58520U 23191N   25095.80727923  .00006216  00000+0  47465-3 0  9998
2 58520  43.0014 142.0571 0001112 298.8725  61.2006 15.02548776 74641
STARLINK-31003          
1 58520U 23191N   25096.53853906 -.00000802  00000+0 -44281-4 0  9991
2 58520  43.0011 138.0858 0001084 273.3546  86.7172 15.02532330 74755
STARLINK-31003          
1 58520U 23191N   25096.80445174 -.00000747  00000+0 -40254-4 0  9999
2 58520  43.0010 136.6413 0001124 278.2442  81.8273 15.02532722 74763
STARLINK-31003          
1 58520U 23191N   25097.26979577 -.00000721  00000+0 -38306-4 0  9996
2 58520  43.0014 134.1124 0001089 274.3632  85.7086 15.02536024 74839
STARLINK-31003          
1 58520U 23191N   25097.80161864 -.00000426  00000+0 -16439-4 0  9993
2 58520  43.0008 131.2226 0001153 276.6576  83.4135 15.02535952 74915
STARLINK-31003          
1 58520U 23191N   25097.80161864 -.00000426  00000+0 -16439-4 0  9993
2 58520  43.0008 131.2226 0001153 276.6576  83.4135 15.02535952 74948
STARLINK-31003          
1 58520U 23191N   25098.06753199  .00002076  00000+0  16873-3 0  9992
2 58520  43.0015 129.7778 0001189 275.5417  84.5289 15.02533641 74957
STARLINK-31003          
1 58520U 23191N   25098.79878716  .00001964  00000+0  16040-3 0  9996
2 58520  43.0025 125.8041 0001098 279.1554  80.9164 15.02536963 75064
STARLINK-31003          
1 58520U 23191N   25099.13117765  .00001861  00000+0  15276-3 0  9991
2 58520  43.0025 123.9983 0001100 279.2056  80.8662 15.02535958 75144
STARLINK-31003          
1 58520U 23191N   25099.53004087  .00002191  00000+0  17721-3 0  9991
2 58520  43.0018 121.8312 0001195 274.8889  85.1817 15.02541815 75170
STARLINK-31003          
1 58520U 23191N   25100.32777399  .00001142  00000+0  99597-4 0  9991
2 58520  43.0013 117.4957 0001126 271.9951  88.0763 15.02540627 75298
STARLINK-31003          
1 58520U 23191N   25100.32777399  .00001142  00000+0  99597-4 0  9991
2 58520  43.0013 117.4957 0001126 271.9951  88.0763 15.02540627 75322
STARLINK-31003          
1 58520U 23191N   25101.05903301 -.00000278  00000+0 -54785-5 0  9998
2 58520  43.0009 113.5220 0001088 265.8367  94.2351 15.02534908 75436
STARLINK-31003          
1 58520U 23191N   25101.39142659 -.00000257  00000+0 -39717-5 0  9991
2 58520  43.0023 111.7169 0001077 275.7740  84.2980 15.02534255 75451
STARLINK-31003          
1 58520U 23191N   25102.38858726  .00001579  00000+0  13190-3 0  9991
2 58520  43.0023 106.2981 0001121 276.6898  83.3817 15.02539907 75601
STARLINK-31003          
1 58520U 23191N   25102.38858726  .00001579  00000+0  13190-3 0  9991
2 58520  43.0023 106.2981 0001121 276.6898  83.3817 15.02539907 75634
STARLINK-31003          
1 58520U 23191N   25102.72097824  .00001633  00000+0  13594-3 0  9992
2 58520  43.0028 104.4917 0001134 279.1914  80.8800 15.02537225 75656
STARLINK-31003          
1 58520U 23191N   25103.25280009  .00001905  00000+0  15601-3 0  9993
2 58520  43.0025 101.6020 0001081 277.7211  82.3509 15.02538252 75735
STARLINK-31003          
1 58520U 23191N   25103.25280009  .00001905  00000+0  15601-3 0  9993
2 58520  43.0025 101.6020 0001081 277.7211  82.3509 15.02538252 75768
STARLINK-31003          
1 58520U 23191N   25104.24994113  .00001131  00000+0  98759-4 0  9998
2 58520  43.0020  96.1833 0001265 257.9770 102.0931 15.02551568 75918
STARLINK-31003          
1 58520U 23191N   25104.64881254  .00000195  00000+0  29480-4 0  9997
2 58520  43.0018  94.0156 0001868 265.2655  94.7974 15.02541825 75945
STARLINK-31003          
1 58520U 23191N   25104.64881254  .00000195  00000+0  29480-4 0  9997
2 58520  43.0018  94.0156 0001868 265.2655  94.7974 15.02541825 75978
STARLINK-31003          
1 58520U 23191N   25105.24713201 -.00002424  00000+0 -16451-3 0  9992
2 58520  43.0022  90.7665 0001072 256.3437 103.7286 15.02523635 76064
STARLINK-31003          
1 58520U 23191N   25105.91190051 -.00013560  00000+0 -98961-3 0  9997
2 58520  43.0052  87.1538 0001063 247.3669 112.7061 15.02575198 76133
STARLINK-31003          
1 58520U 23191N   25105.91190051 -.00013560  00000+0 -98961-3 0  9997
2 58520  43.0052  87.1538 0001063 247.3669 112.7061 15.02575198 76166
STARLINK-31003          
1 58520U 23191N   25105.97837721 -.00013564  00000+0 -98992-3 0  9993
2 58520  43.0054  86.7927 0001064 246.6277 113.4453 15.02574715 76148
STARLINK-31003          
1 58520U 23191N   25106.64316930  .00001630  00000+0  13580-3 0  9991
2 58520  43.0009  83.1791 0000914 240.4718 119.6033 15.02510321 76249
STARLINK-31003          
1 58520U 23191N   25106.64316930  .00001630  00000+0  13580-3 0  9991
2 58520  43.0009  83.1791 0000914 240.4718 119.6033 15.02510321 76272
STARLINK-31003          
1 58520U 23191N   25107.90628943 -.00002458  00000+0 -16711-3 0  9991
2 58520  43.0052  76.3141 0001445 227.7944 132.2776 15.02504236 76466
STARLINK-31003          
1 58520U 23191N   25107.97276887 -.00000918  00000+0 -52952-4 0  9991
2 58520  43.0012  75.9555 0000499 212.1180 147.9632 15.02499277 76444
STARLINK-31003          
1 58520U 23191N   25108.90343508  .00005003  00000+0  38520-3 0  9992
2 58520  43.0042  70.8957 0001243 209.2246 150.8527 15.02532076 76615
STARLINK-31003          
1 58520U 23191N   25109.23577094  .00012732  00000+0  95457-3 0  9997
2 58520  43.0023  69.0913 0001120 215.9046 144.1721 15.02587230 76661
STARLINK-31003          
1 58520U 23191N   25109.30229553  .00005025  00000+0  38684-3 0  9995
2 58520  43.0024  68.7316 0000986 227.6218 132.4541 15.02532568 76647
STARLINK-31003          
1 58520U 23191N   25109.30229553  .00005025  00000+0  38684-3 0  9995
2 58520  43.0024  68.7316 0000986 227.6218 132.4541 15.02532568 76670
STARLINK-31003          
1 58520U 23191N   25110.89776098 -.00001695  00000+0 -11037-3 0  9996
2 58520  43.0041  60.0616 0000547 234.1265 125.9526 15.02549265 76880
STARLINK-31003          
1 58520U 23191N   25110.89776098 -.00001695  00000+0 -11037-3 0  9996
2 58520  43.0041  60.0616 0000547 234.1265 125.9526 15.02549265 76914
STARLINK-31003          
1 58520U 23191N   25112.82560996 -.00000687  00000+0 -35763-4 0  9992
2 58520  43.0034  49.5864 0000823 281.1422  78.9328 15.02543406 77174
STARLINK-31003          
1 58520U 23191N   25112.82560996 -.00000687  00000+0 -35763-4 0  9992
2 58520  43.0034  49.5864 0000823 281.1422  78.9328 15.02543406 77208
STARLINK-31003          
1 58520U 23191N   25114.81994818  .00001540  00000+0  12902-3 0  9993
2 58520  43.0032  38.7484 0001253 285.5768  74.4936 15.02537871 77477
STARLINK-31003          
1 58520U 23191N   25114.81994818  .00001540  00000+0  12902-3 0  9993
2 58520  43.0032  38.7484 0001253 285.5768  74.4936 15.02537871 77501
STARLINK-31003          
1 58520U 23191N   25115.81712587 -.00000422  00000+0 -16179-4 0  9996
2 58520  43.0065  33.3322 0001226 263.3639  96.7063 15.02530643 77621
STARLINK-31003          
1 58520U 23191N   25115.81712587 -.00000422  00000+0 -16179-4 0  9996
2 58520  43.0065  33.3322 0001226 263.3639  96.7063 15.02530643 77654
STARLINK-31003          
1 58520U 23191N   25116.81428617  .00001724  00000+0  14264-3 0  9991
2 58520  43.0042  27.9125 0001202 270.0457  90.0248 15.02535208 77773
STARLINK-31003          
1 58520U 23191N   25116.81428617  .00001724  00000+0  14264-3 0  9991
2 58520  43.0042  27.9125 0001202 270.0457  90.0248 15.02535208 77807
STARLINK-31003          
1 58520U 23191N   25117.81145340  .00000894  00000+0  81230-4 0  9996
2 58520  43.0047  22.4944 0001252 273.4113  86.6586 15.02539868 77927
STARLINK-31003          
1 58520U 23191N   25118.01088768  .00000679  00000+0  65353-4 0  9998
2 58520  43.0049  21.4115 0001252 280.0386  80.0315 15.02539431 77984
STARLINK-31003          
1 58520U 23191N   25118.74215095 -.00001097  00000+0 -66147-4 0  9992
2 58520  43.0032  17.4360 0001132 257.4743 102.5973 15.02531144 78068
STARLINK-31003          
1 58520U 23191N   25118.74215095 -.00001097  00000+0 -66147-4 0  9992
2 58520  43.0032  17.4360 0001132 257.4743 102.5973 15.02531144 78091
STARLINK-31003          
1 58520U 23191N   25121.93308282 -.00001498  00000+0 -95824-4 0  9997
2 58520  43.0055   0.1000 0001707 271.7471  88.3176 15.02540844 78577
STARLINK-31003          
1 58520U 23191N   25122.33195674 -.00026325  00000+0 -19341-2 0  9995
2 58520  43.0048 357.9330 0002058 258.5901 101.4710 15.02667366 78636
STARLINK-31003          
1 58520U 23191N   25122.99669955 -.00016045  00000+0 -11728-2 0  9994
2 58520  43.0033 354.3219 0001523 271.9436  88.1232 15.02618121 78731
STARLINK-31003          
1 58520U 23191N   25123.32910021 -.00006946  00000+0 -49914-3 0  9993
2 58520  43.0068 352.5128 0001786 274.6634  85.4004 15.02567878 78750
STARLINK-31003          
1 58520U 23191N   25123.32910021 -.00006946  00000+0 -49914-3 0  9993
2 58520  43.0068 352.5128 0001786 274.6634  85.4004 15.02567878 78783
STARLINK-31003          
1 58520U 23191N   25123.92742308  .00000036  00000+0  17730-4 0  9994
2 58520  43.0063 349.2622 0001315 279.3861  80.6833 15.02520299 78842
STARLINK-31003          
1 58520U 23191N   25123.99390188 -.00000066  00000+0  10178-4 0  9999
2 58520  43.0061 348.9012 0001357 278.3207  81.7481 15.02519858 78882
STARLINK-31003          
1 58520U 23191N   25124.32629074  .00000184  00000+0  28707-4 0  9993
2 58520  43.0056 347.0952 0001180 277.9219  82.1489 15.02524358 78908
STARLINK-31003          
1 58520U 23191N   25124.65867100  .00000578  00000+0  57862-4 0  9994
2 58520  43.0063 345.2891 0001479 276.1973  83.8701 15.02536922 78957
STARLINK-31003          
1 58520U 23191N   25124.65867100  .00000578  00000+0  57862-4 0  9994
2 58520  43.0063 345.2891 0001479 276.1973  83.8701 15.02536922 78980
STARLINK-31003          
1 58520U 23191N   25125.85527458  .00001535  00000+0  12868-3 0  9996
2 58520  43.0041 338.7875 0001539 276.4354  83.6313 15.02530631 79167
STARLINK-31003          
1 58520U 23191N   25125.92175117  .00003174  00000+0  24997-3 0  9992
2 58520  43.0037 338.4257 0001391 275.6707  84.3977 15.02526172 79149
STARLINK-31003          
1 58520U 23191N   25125.98822796  .00000841  00000+0  77347-4 0  9996
2 58520  43.0038 338.0655 0001614 274.2110  85.8547 15.02537105 79157
STARLINK-31003          
1 58520U 23191N   25126.91892302 -.00000048  00000+0  11491-4 0  9998
2 58520  43.0034 333.0068 0000889 292.0005  68.0743 15.02534344 79322
STARLINK-31003          
1 58520U 23191N   25127.84961168  .00003835  00000+0  29898-3 0  9993
2 58520  43.0059 327.9483 0001302 285.3405  74.7294 15.02516245 79439
STARLINK-31003          
1 58520U 23191N   25127.98256058 -.00002471  00000+0 -16785-3 0  9991
2 58520  43.0055 327.2256 0001983 261.8611  98.2006 15.02548053 79488
STARLINK-31003          
1 58520U 23191N   25128.24848018  .00004665  00000+0  36037-3 0  9991
2 58520  43.0056 325.7816 0001419 273.6806  86.3874 15.02515745 79523
STARLINK-31003          
1 58520U 23191N   25130.24281599  .00000366  00000+0  42156-4 0  9993
2 58520  42.9981 314.9476 0000073  89.5121 270.5729 15.02535281 79791
STARLINK-31003          
1 58520U 23191N   25130.24281599  .00000366  00000+0  42156-4 0  9993
2 58520  42.9981 314.9476 0000073  89.5121 270.5729 15.02535281 79825
STARLINK-31003          
1 58520U 23191N   25130.84111253 -.00000325  00000+0 -89873-5 0  9993
2 58520  43.0037 311.6959 0001342 271.1901  88.8787 15.02533813 79883
STARLINK-31003          
1 58520U 23191N   25131.57236945 -.00000235  00000+0 -23358-5 0  9996
2 58520  43.0033 307.7220 0001389 266.0511  94.0172 15.02533817 80026
STARLINK-31003          
1 58520U 23191N   25132.50305672  .00000663  00000+0  64174-4 0  9997
2 58520  43.0034 302.6651 0001462 271.4322  88.6353 15.02534782 80135
STARLINK-31003          
1 58520U 23191N   25132.76896490  .00001033  00000+0  91514-4 0  9998
2 58520  43.0032 301.2205 0001463 272.5270  87.5405 15.02538124 80172
STARLINK-31003          
1 58520U 23191N   25132.76896490  .00001033  00000+0  91514-4 0  9998
2 58520  43.0032 301.2205 0001463 272.5270  87.5405 15.02538124 80206
STARLINK-31003          
1 58520U 23191N   25133.50022733 -.00000150  00000+0  40014-5 0  9992
2 58520  43.0044 297.2481 0001506 268.5951  91.4719 15.02532767 80285
STARLINK-31003          
1 58520U 23191N   25133.50022733 -.00000150  00000+0  40014-5 0  9992
2 58520  43.0044 297.2481 0001506 268.5951  91.4719 15.02532767 80319
STARLINK-31003          
1 58520U 23191N   25133.76613730  .00000082  00000+0  21120-4 0  9992
2 58520  43.0038 295.8029 0001458 268.6892  91.3783 15.02534571 80321
STARLINK-31003          
1 58520U 23191N   25134.43091447 -.00000332  00000+0 -94669-5 0  9991
2 58520  43.0033 292.1906 0001423 269.3480  90.7199 15.02537673 80424
STARLINK-31003          
1 58520U 23191N   25134.76330191  .00000199  00000+0  29821-4 0  9995
2 58520  43.0029 290.3843 0001380 269.1587  90.9097 15.02537375 80504
STARLINK-31003          
1 58520U 23191N   25135.76047544 -.00000263  00000+0 -43814-5 0  9996
2 58520  43.0028 284.9664 0001493 274.4708  85.5963 15.02531354 80628
STARLINK-31003          
1 58520U 23191N   25135.76047544 -.00000263  00000+0 -43814-5 0  9996
2 58520  43.0028 284.9664 0001493 274.4708  85.5963 15.02531354 80651
STARLINK-31003          
1 58520U 23191N   25136.75763859  .00001028  00000+0  91142-4 0  9994
2 58520  43.0010 279.5474 0000838 276.4634  83.6112 15.02536779 80777
STARLINK-31003          
1 58520U 23191N   25136.75763859  .00001028  00000+0  91142-4 0  9994
2 58520  43.0010 279.5474 0000838 276.4634  83.6112 15.02536779 80801
STARLINK-31003          
1 58520U 23191N   25137.42242120 -.00000272  00000+0 -50929-5 0  9993
2 58520  43.0031 275.9327 0001112 284.7702  75.3017 15.02536539 80878
STARLINK-31003          
1 58520U 23191N   25137.42242120 -.00000272  00000+0 -50929-5 0  9993
2 58520  43.0031 275.9327 0001112 284.7702  75.3017 15.02536539 80902
STARLINK-31003          
1 58520U 23191N   25137.75481165  .00002177  00000+0  17624-3 0  9990
2 58520  43.0012 274.1316 0001123 285.4809  74.5909 15.02523988 80925
STARLINK-31003          
1 58520U 23191N   25138.41958564 -.00000324  00000+0 -88864-5 0  9996
2 58520  43.0016 270.5190 0001296 272.5294  87.5400 15.02540796 81023
STARLINK-31003          
1 58520U 23191N   25138.68549543  .00000573  00000+0  57518-4 0  9993
2 58520  43.0015 269.0741 0001262 273.1892  86.8805 15.02537653 81064
STARLINK-31003          
1 58520U 23191N   25138.68549543  .00000573  00000+0  57518-4 0  9993
2 58520  43.0015 269.0741 0001262 273.1892  86.8805 15.02537653 81097
STARLINK-31003          
1 58520U 23191N   25139.61618459  .00000783  00000+0  73021-4 0  9990
2 58520  43.0019 264.0169 0001254 266.1254  93.9445 15.02536752 81206
STARLINK-31003          
1 58520U 23191N   25140.34744535 -.00000450  00000+0 -18222-4 0  9992
2 58520  43.0027 260.0405 0001339 257.0260 103.0433 15.02533170 81340
STARLINK-31003          
1 58520U 23191N   25140.61335912 -.00000729  00000+0 -38867-4 0  9993
2 58520  43.0031 258.5971 0001351 265.4129  94.6558 15.02531683 81357
STARLINK-31003          
1 58520U 23191N   25141.61051851  .00000698  00000+0  66716-4 0  9998
2 58520  43.0036 253.1796 0001403 268.3377  91.7304 15.02539345 81500
STARLINK-31003          
1 58520U 23191N   25141.61051851  .00000698  00000+0  66716-4 0  9998
2 58520  43.0036 253.1796 0001403 268.3377  91.7304 15.02539345 81533
STARLINK-31003          
1 58520U 23191N   25142.34178019  .00000197  00000+0  29698-4 0  9997
2 58520  43.0034 249.2063 0001448 270.3042  89.7635 15.02533170 81618
STARLINK-31003          
1 58520U 23191N   25142.34178019  .00000197  00000+0  29698-4 0  9997
2 58520  43.0034 249.2063 0001448 270.3042  89.7635 15.02533170 81641
STARLINK-31003          
1 58520U 23191N   25143.53837045  .00000543  00000+0  55248-4 0  9995
2 58520  43.0018 242.7043 0001428 270.5181  89.5498 15.02544300 81791
STARLINK-31003          
1 58520U 23191N   25143.53837045  .00000543  00000+0  55248-4 0  9995
2 58520  43.0018 242.7043 0001428 270.5181  89.5498 15.02544300 81825
STARLINK-31003          
1 58520U 23191N   25143.60484690  .00000751  00000+0  70655-4 0  9997
2 58520  43.0016 242.3431 0001383 270.8538  89.2146 15.02545336 81804
STARLINK-31003          
1 58520U 23191N   25144.26963423 -.00000237  00000+0 -24461-5 0  9992
2 58520  43.0014 238.7270 0001302 255.9842 104.0855 15.02531750 81904
STARLINK-31003          
1 58520U 23191N   25144.26963423 -.00000237  00000+0 -24461-5 0  9992
2 58520  43.0014 238.7270 0001302 255.9842 104.0855 15.02531750 81937
STARLINK-31003          
1 58520U 23191N   25144.60203749  .00002541  00000+0  20324-3 0  9998
2 58520  43.0027 236.9259 0001621 293.3701  66.6971 15.02506155 81957
STARLINK-31003          
1 58520U 23191N   25144.60203749  .00002541  00000+0  20324-3 0  9998
2 58520  43.0027 236.9259 0001621 293.3701  66.6971 15.02506155 81980
STARLINK-31003          
1 58520U 23191N   25145.53272026  .00000632  00000+0  61857-4 0  9991
2 58520  43.0016 231.8658 0001047 280.0538  80.0186 15.02526575 82121
STARLINK-31003          
1 58520U 23191N   25145.59919761 -.00001183  00000+0 -72533-4 0  9998
2 58520  43.0030 231.5057 0001455 282.0206  78.0473 15.02535442 82101
STARLINK-31003          
1 58520U 23191N   25145.93158245 -.00001155  00000+0 -70456-4 0  9999
2 58520  43.0031 229.6994 0001498 279.7050  80.3623 15.02541642 82154
STARLINK-31003          
1 58520U 23191N   25145.93158245 -.00001155  00000+0 -70456-4 0  9999
2 58520  43.0031 229.6994 0001498 279.7050  80.3623 15.02541642 82187
STARLINK-31003          
1 58520U 23191N   25147.52705260  .00000260  00000+0  34304-4 0  9997
2 58520  43.0023 221.0304 0001432 281.2632  78.8049 15.02537675 82423
STARLINK-31003          
1 58520U 23191N   25147.92591855  .00000245  00000+0  33205-4 0  9996
2 58520  43.0023 218.8631 0001425 281.7489  78.3193 15.02538076 82451
STARLINK-31003          
1 58520U 23191N   25148.52421655 -.00000180  00000+0  17262-5 0  9998
2 58520  43.0019 215.6120 0001397 281.7485  78.3201 15.02540933 82543
STARLINK-31003          
1 58520U 23191N   25149.18899935 -.00000446  00000+0 -17971-4 0  9993
2 58520  43.0017 211.9993 0001408 281.7024  78.3660 15.02533394 82676
STARLINK-31003          
1 58520U 23191N   25149.45491234 -.00000630  00000+0 -31553-4 0  9990
2 58520  43.0019 210.5536 0001407 279.4842  80.5841 15.02532001 82688
STARLINK-31003          
1 58520U 23191N   25150.18617584 -.00001266  00000+0 -78646-4 0  9990
2 58520  43.0019 206.5807 0001388 279.5022  80.5663 15.02527228 82826
STARLINK-31003          
1 58520U 23191N   25150.45208659 -.00000947  00000+0 -55025-4 0  9990
2 58520  43.0017 205.1362 0001371 280.4969  79.5718 15.02529033 82834
STARLINK-31003          
1 58520U 23191N   25151.18334359  .00000556  00000+0  56255-4 0  9998
2 58520  43.0020 201.1621 0001351 280.0956  79.9734 15.02526785 82947
STARLINK-31003          
1 58520U 23191N   25151.84812238  .00001149  00000+0  10016-3 0  9991
2 58520  43.0026 197.5500 0001318 282.3096  77.7599 15.02529176 83044
STARLINK-31003          
1 58520U 23191N   25151.84812238  .00001149  00000+0  10016-3 0  9991
2 58520  43.0026 197.5500 0001318 282.3096  77.7599 15.02529176 83077
STARLINK-31003          
1 58520U 23191N   25152.51289729  .00001292  00000+0  11067-3 0  9995
2 58520  43.0029 193.9377 0001332 281.9626  78.1067 15.02537637 83146
STARLINK-31003          
1 58520U 23191N   25152.51289729  .00001292  00000+0  11067-3 0  9995
2 58520  43.0029 193.9377 0001332 281.9626  78.1067 15.02537637 83179
