STARLINK-1008           
1 44714U 19074B   25070.12389230  .00014371  00000+0  98113-3 0  9993
2 44714  53.0560  18.7232 0001422  99.6084 260.5066 15.06421856293950
STARLINK-1008           
1 44714U 19074B   25070.12389230  .00014371  00000+0  98113-3 0  9993
2 44714  53.0560  18.7232 0001422  99.6084 260.5066 15.06421856294120
STARLINK-1008           
1 44714U 19074B   25070.85371055  .00005673  00000+0  39935-3 0  9991
2 44714  53.0559  15.4473 0001552  93.0646 267.0520 15.06406369294067
STARLINK-1008           
1 44714U 19074B   25070.85371055  .00005673  00000+0  39935-3 0  9991
2 44714  53.0559  15.4473 0001552  93.0646 267.0520 15.06406369294236
STARLINK-1008           
1 44714U 19074B   25071.11910077  .00000274  00000+0  37301-4 0  9992
2 44714  53.0560  14.2553 0001448  96.7708 263.3446 15.06392421294270
STARLINK-1008           
1 44714U 19074B   25071.25179586 -.00000423  00000+0 -94858-5 0  9998
2 44714  53.0569  13.6600 0001470  91.4817 268.6340 15.06393696294123
STARLINK-1008           
1 44714U 19074B   25072.11429361  .00026740  00000+0  18052-2 0  9990
2 44714  53.0561   9.7902 0001464  71.5618 288.5530 15.06441704294257
STARLINK-1008           
1 44714U 19074B   25072.11429361  .00026740  00000+0  18052-2 0  9990
2 44714  53.0561   9.7902 0001464  71.5618 288.5530 15.06441704294426
STARLINK-1008           
1 44714U 19074B   25072.77777141  .00011507  00000+0  79017-3 0  9998
2 44714  53.0559   6.8121 0002986  89.0736 271.0595 15.06398236294350
STARLINK-1008           
1 44714U 19074B   25072.77777141  .00011507  00000+0  79017-3 0  9998
2 44714  53.0559   6.8121 0002986  89.0736 271.0595 15.06398236294529
STARLINK-1008           
1 44714U 19074B   25073.10951218  .00021645  00000+0  14688-2 0  9991
2 44714  53.0556   5.3233 0001425 110.3415 249.7727 15.06367812294573
STARLINK-1008           
1 44714U 19074B   25073.50759750  .00028051  00000+0  18950-2 0  9996
2 44714  53.0555   3.5361 0001390 108.1426 251.9714 15.06392359294465
STARLINK-1008           
1 44714U 19074B   25073.77298333  .00030359  00000+0  20476-2 0  9990
2 44714  53.0551   2.3442 0001340 108.9801 251.1333 15.06411385294671
STARLINK-1008           
1 44714U 19074B   25074.17105513  .00043594  00000+0  29232-2 0  9996
2 44714  53.0561   0.5566 0001668  96.8172 263.3007 15.06454058294732
STARLINK-1008           
1 44714U 19074B   25074.50279442  .00020401  00000+0  13835-2 0  9990
2 44714  53.0554 359.0671 0003166  80.2145 279.9202 15.06426340294783
STARLINK-1008           
1 44714U 19074B   25075.16626981  .00024961  00000+0  16898-2 0  9994
2 44714  53.0549 356.0902 0001339  87.4933 272.6210 15.06375127294713
STARLINK-1008           
1 44714U 19074B   25075.16626981  .00024961  00000+0  16898-2 0  9994
2 44714  53.0549 356.0902 0001339  87.4933 272.6210 15.06375127294881
STARLINK-1008           
1 44714U 19074B   25075.96242807  .00031551  00000+0  21259-2 0  9993
2 44714  53.0550 352.5152 0001311  92.7817 267.3322 15.06428960294835
STARLINK-1008           
1 44714U 19074B   25076.16146322  .00035866  00000+0  24115-2 0  9998
2 44714  53.0555 351.6221 0001354  92.1894 267.9250 15.06445975294867
STARLINK-1008           
1 44714U 19074B   25076.16146322  .00035866  00000+0  24115-2 0  9998
2 44714  53.0555 351.6221 0001354  92.1894 267.9250 15.06445975295037
STARLINK-1008           
1 44714U 19074B   25076.89128979  .00024679  00000+0  16699-2 0  9994
2 44714  53.0558 348.3479 0001579 101.8228 258.2938 15.06400455294978
STARLINK-1008           
1 44714U 19074B   25077.22302803  .00022762  00000+0  15422-2 0  9996
2 44714  53.0548 346.8581 0001278  84.2120 275.9014 15.06396372295025
STARLINK-1008           
1 44714U 19074B   25077.22302803  .00022762  00000+0  15422-2 0  9996
2 44714  53.0548 346.8581 0001278  84.2120 275.9014 15.06396372295193
STARLINK-1008           
1 44714U 19074B   25077.88648443  .00028035  00000+0  18914-2 0  9999
2 44714  53.0556 343.8788 0001308  85.3220 274.7918 15.06441941295121
STARLINK-1008           
1 44714U 19074B   25078.15186154  .00026485  00000+0  17873-2 0  9996
2 44714  53.0553 342.6878 0001409  71.5304 288.5838 15.06461079295169
STARLINK-1008           
1 44714U 19074B   25078.15186154  .00026485  00000+0  17873-2 0  9996
2 44714  53.0553 342.6878 0001409  71.5304 288.5838 15.06461079295338
STARLINK-1008           
1 44714U 19074B   25078.88169156  .00025168  00000+0  17028-2 0  9998
2 44714  53.0553 339.4114 0001483 109.7168 250.3981 15.06393504295275
STARLINK-1008           
1 44714U 19074B   25079.21342978  .00025799  00000+0  17449-2 0  9998
2 44714  53.0551 337.9222 0001489 113.9299 246.1846 15.06392562295326
STARLINK-1008           
1 44714U 19074B   25079.21342978  .00025799  00000+0  17449-2 0  9998
2 44714  53.0551 337.9222 0001489 113.9299 246.1846 15.06392562295494
STARLINK-1008           
1 44714U 19074B   25079.74420272  .00022114  00000+0  14982-2 0  9997
2 44714  53.0554 335.5414 0001260  91.1179 268.9954 15.06416501295408
STARLINK-1008           
1 44714U 19074B   25080.07592911  .00023319  00000+0  15777-2 0  9996
2 44714  53.0551 334.0531 0001305 103.9878 256.1256 15.06434906295455
STARLINK-1008           
1 44714U 19074B   25080.67305694  .00013147  00000+0  89971-3 0  9998
2 44714  53.0547 331.3720 0001938  85.7502 274.3709 15.06404812295710
STARLINK-1008           
1 44714U 19074B   25080.87209874  .00021777  00000+0  14764-2 0  9998
2 44714  53.0539 330.4696 0001044 114.0630 246.0468 15.06397898295576
STARLINK-1008           
1 44714U 19074B   25081.00479331  .00019987  00000+0  13571-2 0  9996
2 44714  53.0542 329.8752 0001023 121.3846 238.7243 15.06394271295595
STARLINK-1008           
1 44714U 19074B   25081.00479331  .00019987  00000+0  13571-2 0  9996
2 44714  53.0542 329.8752 0001023 121.3846 238.7243 15.06394271295764
STARLINK-1008           
1 44714U 19074B   25081.93363783  .00024155  00000+0  16331-2 0  9991
2 44714  53.0554 325.7081 0001102  88.2567 271.8548 15.06442331295730
STARLINK-1008           
1 44714U 19074B   25082.39806689  .00011980  00000+0  82142-3 0  9995
2 44714  53.0557 323.6250 0001566  88.7750 271.3419 15.06415610295801
STARLINK-1008           
1 44714U 19074B   25082.39806689  .00011980  00000+0  82142-3 0  9995
2 44714  53.0557 323.6250 0001566  88.7750 271.3419 15.06415610295979
STARLINK-1008           
1 44714U 19074B   25082.92886344  .00020447  00000+0  13891-2 0  9992
2 44714  53.0554 321.2426 0002623  95.3186 264.8102 15.06358253295882
STARLINK-1008           
1 44714U 19074B   25083.06156248  .00026290  00000+0  17796-2 0  9991
2 44714  53.0554 320.6478 0001843  93.7751 266.3449 15.06350311295906
STARLINK-1008           
1 44714U 19074B   25083.06156248  .00026290  00000+0  17796-2 0  9991
2 44714  53.0554 320.6478 0001843  93.7751 266.3449 15.06350311296075
STARLINK-1008           
1 44714U 19074B   25083.65868691  .00038363  00000+0  25797-2 0  9992
2 44714  53.0555 317.9692 0001657  91.1621 268.9557 15.06409234296161
STARLINK-1008           
1 44714U 19074B   25083.92407048  .00036003  00000+0  24218-2 0  9993
2 44714  53.0560 316.7769 0001707  93.7258 266.3926 15.06427042296034
STARLINK-1008           
1 44714U 19074B   25084.91927848  .00023653  00000+0  16010-2 0  9996
2 44714  53.0555 312.3076 0001297  80.1663 279.9472 15.06411665296181
STARLINK-1008           
1 44714U 19074B   25084.98562516  .00020513  00000+0  13916-2 0  9994
2 44714  53.0572 312.0110 0000791  59.7962 300.3105 15.06410611296360
STARLINK-1008           
1 44714U 19074B   25085.31735799  .00011858  00000+0  81347-3 0  9993
2 44714  53.0560 310.5214 0001012  74.6203 285.4898 15.06407507296414
STARLINK-1008           
1 44714U 19074B   25085.58274563  .00007116  00000+0  49607-3 0  9994
2 44714  53.0551 309.3306 0001328  84.5351 275.5789 15.06404455296289
STARLINK-1008           
1 44714U 19074B   25085.58274563  .00007116  00000+0  49607-3 0  9994
2 44714  53.0551 309.3306 0001328  84.5351 275.5789 15.06404455296458
STARLINK-1008           
1 44714U 19074B   25086.31255601  .00002847  00000+0  20994-3 0  9992
2 44714  53.0542 306.0540 0001438  89.5872 270.5282 15.06406458296398
STARLINK-1008           
1 44714U 19074B   25086.31255601  .00002847  00000+0  20994-3 0  9992
2 44714  53.0542 306.0540 0001438  89.5872 270.5282 15.06406458296567
STARLINK-1008           
1 44714U 19074B   25086.90968024  .00001016  00000+0  87082-4 0  9996
2 44714  53.0528 303.3724 0002006  85.2282 274.8935 15.06400570296487
STARLINK-1008           
1 44714U 19074B   25086.90968024  .00001016  00000+0  87082-4 0  9996
2 44714  53.0528 303.3724 0002006  85.2282 274.8935 15.06400570296656
STARLINK-1008           
1 44714U 19074B   25087.30774927  .00012182  00000+0  83465-3 0  9994
2 44714  53.0529 301.5858 0001515  91.7262 268.3900 15.06429325296546
STARLINK-1008           
1 44714U 19074B   25087.30774927  .00012182  00000+0  83465-3 0  9994
2 44714  53.0529 301.5858 0001515  91.7262 268.3900 15.06429325296715
STARLINK-1008           
1 44714U 19074B   25087.83851932 -.00006614  00000+0 -42551-3 0  9990
2 44714  53.0566 299.1986 0000683 157.7788 202.3231 15.06406980296796
STARLINK-1008           
1 44714U 19074B   25087.90486466 -.00004635  00000+0 -29231-3 0  9995
2 44714  53.0550 298.8997 0001110 113.6113 246.4993 15.06418970296635
STARLINK-1008           
1 44714U 19074B   25087.97121830 -.00001107  00000+0 -55445-4 0  9991
2 44714  53.0505 298.6069 0001712  85.8479 274.2705 15.06397250296644
STARLINK-1008           
1 44714U 19074B   25088.90007901 -.00004561  00000+0 -28753-3 0  9995
2 44714  53.0544 294.4339 0001510  96.0718 264.0443 15.06398506296783
STARLINK-1008           
1 44714U 19074B   25088.96643103 -.00003272  00000+0 -20081-3 0  9995
2 44714  53.0553 294.1359 0001500  96.7180 263.3979 15.06403823296966
STARLINK-1008           
1 44714U 19074B   25089.29816043 -.00002625  00000+0 -15734-3 0  9997
2 44714  53.0558 292.6473 0001500  96.3049 263.8111 15.06406874296840
STARLINK-1008           
1 44714U 19074B   25089.82893431  .00001019  00000+0  87314-4 0  9990
2 44714  53.0547 290.2654 0001485  92.3882 267.7277 15.06394590296922
STARLINK-1008           
1 44714U 19074B   25090.69144846  .00000776  00000+0  71022-4 0  9994
2 44714  53.0548 286.3933 0001448  91.7591 268.3563 15.06392345297223
STARLINK-1008           
1 44714U 19074B   25090.82414151  .00000906  00000+0  79722-4 0  9998
2 44714  53.0550 285.7976 0001440  91.8010 268.3144 15.06393706297075
STARLINK-1008           
1 44714U 19074B   25091.22221909  .00001417  00000+0  11404-3 0  9990
2 44714  53.0551 284.0104 0001439  91.9192 268.1962 15.06398638297133
STARLINK-1008           
1 44714U 19074B   25091.22221909  .00001417  00000+0  11404-3 0  9990
2 44714  53.0551 284.0104 0001439  91.9192 268.1962 15.06398638297302
STARLINK-1008           
1 44714U 19074B   25091.81933311  .00001561  00000+0  12365-3 0  9999
2 44714  53.0552 281.3297 0001442  92.0119 268.1035 15.06407629297224
STARLINK-1008           
1 44714U 19074B   25091.81933311  .00001561  00000+0  12365-3 0  9999
2 44714  53.0552 281.3297 0001442  92.0119 268.1035 15.06407629297392
STARLINK-1008           
1 44714U 19074B   25092.21741783  .00000558  00000+0  56379-4 0  9993
2 44714  53.0547 279.5426 0001361  89.6747 270.4398 15.06402811297451
STARLINK-1008           
1 44714U 19074B   25092.81454990 -.00000856  00000+0 -38556-4 0  9990
2 44714  53.0550 276.8635 0001384  94.8146 265.3001 15.06391236297376
STARLINK-1008           
1 44714U 19074B   25092.81454990 -.00000856  00000+0 -38556-4 0  9990
2 44714  53.0550 276.8635 0001384  94.8146 265.3001 15.06391236297545
STARLINK-1008           
1 44714U 19074B   25093.21262455  .00000123  00000+0  27125-4 0  9993
2 44714  53.0553 275.0764 0001407  93.5673 266.5477 15.06399305297601
STARLINK-1008           
1 44714U 19074B   25093.47800874 -.00000056  00000+0  15101-4 0  9991
2 44714  53.0547 273.8841 0001339  90.6766 269.4377 15.06403672297470
STARLINK-1008           
1 44714U 19074B   25093.80973797  .00000452  00000+0  49217-4 0  9997
2 44714  53.0552 272.3955 0001445  90.7954 269.3201 15.06407519297529
STARLINK-1008           
1 44714U 19074B   25093.80973797  .00000452  00000+0  49217-4 0  9997
2 44714  53.0552 272.3955 0001445  90.7954 269.3201 15.06407519297697
STARLINK-1008           
1 44714U 19074B   25094.20782587  .00001431  00000+0  11497-3 0  9993
2 44714  53.0555 270.6078 0001546  90.0554 270.0612 15.06393845297756
STARLINK-1008           
1 44714U 19074B   25094.73860501  .00000349  00000+0  42310-4 0  9990
2 44714  53.0542 268.2251 0001382  88.9560 271.1587 15.06389413297668
STARLINK-1008           
1 44714U 19074B   25095.46840724  .00001115  00000+0  93721-4 0  9990
2 44714  53.0542 264.9475 0001538  90.1858 269.9307 15.06406734297949
STARLINK-1008           
1 44714U 19074B   25095.86647904  .00001568  00000+0  12411-3 0  9997
2 44714  53.0538 263.1605 0001541  91.2042 268.9123 15.06414538297835
STARLINK-1008           
1 44714U 19074B   25095.86647904  .00001568  00000+0  12411-3 0  9997
2 44714  53.0538 263.1605 0001541  91.2042 268.9123 15.06414538298005
STARLINK-1008           
1 44714U 19074B   25096.72901335 -.00000500  00000+0 -14678-4 0  9999
2 44714  53.0539 259.2882 0001426  96.6214 263.4938 15.06385065297961
STARLINK-1008           
1 44714U 19074B   25096.72901335 -.00000500  00000+0 -14678-4 0  9999
2 44714  53.0539 259.2882 0001426  96.6214 263.4938 15.06385065298131
STARLINK-1008           
1 44714U 19074B   25097.59151651 -.00000784  00000+0 -33768-4 0  9998
2 44714  53.0543 255.4170 0001435  97.6672 262.4480 15.06399693298091
STARLINK-1008           
1 44714U 19074B   25097.72420812 -.00000282  00000+0 -47268-7 0  9997
2 44714  53.0544 254.8219 0001391  97.1971 262.9176 15.06401768298114
STARLINK-1008           
1 44714U 19074B   25097.72420812 -.00000282  00000+0 -47268-7 0  9997
2 44714  53.0544 254.8219 0001391  97.1971 262.9176 15.06401768298282
STARLINK-1008           
1 44714U 19074B   25098.71943053  .00000787  00000+0  71724-4 0  9993
2 44714  53.0548 250.3558 0001369 101.8681 258.2462 15.06380023298263
STARLINK-1008           
1 44714U 19074B   25098.71943053  .00000787  00000+0  71724-4 0  9993
2 44714  53.0548 250.3558 0001369 101.8681 258.2462 15.06380023298432
STARLINK-1008           
1 44714U 19074B   25099.11750773  .00001507  00000+0  12005-3 0  9990
2 44714  53.0560 248.5697 0001492 103.1966 256.9190 15.06389812298491
STARLINK-1008           
1 44714U 19074B   25099.58192900  .00001720  00000+0  13433-3 0  9996
2 44714  53.0519 246.4800 0001058  81.8319 278.2790 15.06401457298392
STARLINK-1008           
1 44714U 19074B   25099.71461672  .00002874  00000+0  21173-3 0  9997
2 44714  53.0548 245.8866 0001308  97.2956 262.8182 15.06409550298414
STARLINK-1008           
1 44714U 19074B   25099.71461672  .00002874  00000+0  21173-3 0  9997
2 44714  53.0548 245.8866 0001308  97.2956 262.8182 15.06409550298582
STARLINK-1008           
1 44714U 19074B   25100.37807664  .00004889  00000+0  34668-3 0  9998
2 44714  53.0536 242.9106 0001385  89.0736 271.0411 15.06424195298516
STARLINK-1008           
1 44714U 19074B   25100.70979942  .00011283  00000+0  77432-3 0  9996
2 44714  53.0553 241.4144 0002138  76.0230 284.0997 15.06440953298561
STARLINK-1008           
1 44714U 19074B   25100.70979942  .00011283  00000+0  77432-3 0  9996
2 44714  53.0553 241.4144 0002138  76.0230 284.0997 15.06440953298730
