STARLINK-6374           
1 57338U 23099L   25070.04104883  .00003571  00000+0  27914-3 0  9992
2 57338  43.0018  64.9949 0001450 265.0263  95.0414 15.02559193 92159
STARLINK-6374           
1 57338U 23099L   25070.24047943  .00003489  00000+0  27305-3 0  9999
2 57338  43.0019  63.9112 0001428 264.8185  95.2494 15.02559940 91447
STARLINK-6374           
1 57338U 23099L   25071.23769002 -.00002354  00000+0 -15924-3 0  9992
2 57338  43.0024  58.4933 0002979 262.1872  97.8632 15.02521350 92334
STARLINK-6374           
1 57338U 23099L   25071.37064483 -.00002333  00000+0 -15770-3 0  9994
2 57338  43.0045  57.7749 0001662 256.6090 103.4567 15.02522359 91613
STARLINK-6374           
1 57338U 23099L   25071.63655408 -.00001636  00000+0 -10609-3 0  9997
2 57338  43.0027  56.3316 0001349 253.8378 106.2316 15.02526130 91656
STARLINK-6374           
1 57338U 23099L   25071.63655408 -.00001636  00000+0 -10609-3 0  9997
2 57338  43.0027  56.3316 0001349 253.8378 106.2316 15.02526130 92398
STARLINK-6374           
1 57338U 23099L   25072.16836834 -.00001468  00000+0 -93564-4 0  9995
2 57338  43.0045  53.4404 0001443 255.6437 104.4245 15.02542657 92477
STARLINK-6374           
1 57338U 23099L   25072.36779368 -.00006123  00000+0 -43820-3 0  9997
2 57338  43.0044  52.3563 0001421 251.9562 108.1125 15.02567503 91760
STARLINK-6374           
1 57338U 23099L   25072.36779368 -.00006123  00000+0 -43820-3 0  9997
2 57338  43.0044  52.3563 0001421 251.9562 108.1125 15.02567503 92503
STARLINK-6374           
1 57338U 23099L   25072.63371084  .00003507  00000+0  27459-3 0  9991
2 57338  43.0048  50.9123 0001358 255.1940 104.8752 15.02532209 92546
STARLINK-6374           
1 57338U 23099L   25072.89961951  .00003393  00000+0  26612-3 0  9990
2 57338  43.0048  49.4671 0001414 254.7706 105.2980 15.02539181 91841
STARLINK-6374           
1 57338U 23099L   25073.23201354 -.00000108  00000+0  70521-5 0  9995
2 57338  43.0067  47.6602 0001547 257.3964 102.6706 15.02546645 91893
STARLINK-6374           
1 57338U 23099L   25073.89679001  .00002145  00000+0  17376-3 0  9994
2 57338  43.0050  44.0486 0001354 252.3036 107.7658 15.02542922 92737
STARLINK-6374           
1 57338U 23099L   25073.96326952  .00002050  00000+0  16678-3 0  9995
2 57338  43.0051  43.6872 0001321 253.9045 106.1652 15.02541501 92002
STARLINK-6374           
1 57338U 23099L   25074.29566273  .00000644  00000+0  62760-4 0  9995
2 57338  43.0051  41.8804 0001431 252.6013 107.4673 15.02538392 92056
STARLINK-6374           
1 57338U 23099L   25074.29566273  .00000644  00000+0  62760-4 0  9995
2 57338  43.0051  41.8804 0001431 252.6013 107.4673 15.02538392 92797
STARLINK-6374           
1 57338U 23099L   25074.62805018  .00000099  00000+0  22415-4 0  9992
2 57338  43.0065  40.0759 0001401 257.6548 102.4137 15.02540640 92101
STARLINK-6374           
1 57338U 23099L   25074.96043391  .00000775  00000+0  72458-4 0  9990
2 57338  43.0058  38.2684 0001648 258.1950 101.8708 15.02543565 92156
STARLINK-6374           
1 57338U 23099L   25074.96043391  .00000775  00000+0  72458-4 0  9990
2 57338  43.0058  38.2684 0001648 258.1950 101.8708 15.02543565 92897
STARLINK-6374           
1 57338U 23099L   25076.22351470  .00002526  00000+0  20201-3 0  9995
2 57338  43.0069  31.4076 0001705 279.6180  80.4470 15.02536846 92348
STARLINK-6374           
1 57338U 23099L   25076.22351470  .00002526  00000+0  20201-3 0  9995
2 57338  43.0069  31.4076 0001705 279.6180  80.4470 15.02536846 93080
STARLINK-6374           
1 57338U 23099L   25076.88828836  .00000013  00000+0  16005-4 0  9999
2 57338  43.0057  27.7947 0001415 276.4988  83.5694 15.02546039 92447
STARLINK-6374           
1 57338U 23099L   25077.28715828  .00000730  00000+0  69111-4 0  9992
2 57338  43.0061  25.6264 0001555 271.0138  89.0526 15.02536803 92504
STARLINK-6374           
1 57338U 23099L   25077.28715828  .00000730  00000+0  69111-4 0  9992
2 57338  43.0061  25.6264 0001555 271.0138  89.0526 15.02536803 93246
STARLINK-6374           
1 57338U 23099L   25078.01842200 -.00000889  00000+0 -50747-4 0  9991
2 57338  43.0065  21.6529 0001349 274.8317  85.2371 15.02528892 93358
STARLINK-6374           
1 57338U 23099L   25078.21785262  .00000309  00000+0  37949-4 0  9991
2 57338  43.0048  20.5711 0001354 268.3330  91.7357 15.02531759 92642
STARLINK-6374           
1 57338U 23099L   25079.21501466  .00000780  00000+0  72835-4 0  9990
2 57338  43.0082  15.1508 0002143 251.0626 108.9985 15.02535150 92791
STARLINK-6374           
1 57338U 23099L   25079.21501466  .00000780  00000+0  72835-4 0  9990
2 57338  43.0082  15.1508 0002143 251.0626 108.9985 15.02535150 93534
STARLINK-6374           
1 57338U 23099L   25079.81328883  .00004400  00000+0  34041-3 0  9995
2 57338  43.0066  11.9011 0002080 251.8771 108.1845 15.02558231 93620
STARLINK-6374           
1 57338U 23099L   25080.01269687  .00008969  00000+0  67721-3 0  9990
2 57338  43.0019  10.8207 0001601 301.1982  58.8703 15.02588869 92919
STARLINK-6374           
1 57338U 23099L   25080.01269687  .00008969  00000+0  67721-3 0  9990
2 57338  43.0019  10.8207 0001601 301.1982  58.8703 15.02588869 93651
STARLINK-6374           
1 57338U 23099L   25081.14288380 -.00000603  00000+0 -29588-4 0  9995
2 57338  43.0061   4.6747 0001568 255.7423 104.3245 15.02516985 93821
STARLINK-6374           
1 57338U 23099L   25081.47525694 -.00004237  00000+0 -29855-3 0  9996
2 57338  43.0007   2.8748 0001102 291.0052  69.0673 15.02562462 93134
STARLINK-6374           
1 57338U 23099L   25081.80762384 -.00014382  00000+0 -10506-2 0  9996
2 57338  43.0049   1.0630 0001642 252.3021 107.7643 15.02576422 93189
STARLINK-6374           
1 57338U 23099L   25081.80762384 -.00014382  00000+0 -10506-2 0  9996
2 57338  43.0049   1.0630 0001642 252.3021 107.7643 15.02576422 93921
STARLINK-6374           
1 57338U 23099L   25082.14003377 -.00010580  00000+0 -76970-3 0  9998
2 57338  43.0010 359.2550 0001482 296.4790  63.5900 15.02518213 93976
STARLINK-6374           
1 57338U 23099L   25082.47244319  .00003106  00000+0  24505-3 0  9998
2 57338  43.0058 357.4507 0001283 277.8637  82.2059 15.02515173 93281
STARLINK-6374           
1 57338U 23099L   25082.47244319  .00003106  00000+0  24505-3 0  9998
2 57338  43.0058 357.4507 0001283 277.8637  82.2059 15.02515173 94024
STARLINK-6374           
1 57338U 23099L   25083.80199370  .00008763  00000+0  66268-3 0  9998
2 57338  43.0055 350.2282 0001267 279.1329  80.9370 15.02550087 93480
STARLINK-6374           
1 57338U 23099L   25083.80199370  .00008763  00000+0  66268-3 0  9998
2 57338  43.0055 350.2282 0001267 279.1329  80.9370 15.02550087 94223
STARLINK-6374           
1 57338U 23099L   25084.13438235  .00009344  00000+0  70550-3 0  9996
2 57338  43.0049 348.4217 0001269 283.8543  76.2158 15.02553410 93533
STARLINK-6374           
1 57338U 23099L   25084.73267920  .00016914  00000+0  12635-2 0  9993
2 57338  43.0031 345.1724 0001299 279.8840  80.1856 15.02556114 93622
STARLINK-6374           
1 57338U 23099L   25084.73267920  .00016914  00000+0  12635-2 0  9993
2 57338  43.0031 345.1724 0001299 279.8840  80.1856 15.02556114 94364
STARLINK-6374           
1 57338U 23099L   25085.13154892  .00002369  00000+0  19036-3 0  9993
2 57338  43.0045 343.0036 0001253 270.9585  89.1114 15.02538157 94420
STARLINK-6374           
1 57338U 23099L   25085.39745821  .00002621  00000+0  20898-3 0  9998
2 57338  43.0043 341.5588 0001129 269.9460  90.1253 15.02545840 93720
STARLINK-6374           
1 57338U 23099L   25085.86280442  .00000679  00000+0  65352-4 0  9999
2 57338  43.0043 339.0308 0001177 270.7067  89.3640 15.02538462 93797
STARLINK-6374           
1 57338U 23099L   25085.99576231 -.00000125  00000+0  58454-5 0  9990
2 57338  43.0043 338.3083 0001213 275.5173  84.5531 15.02533786 94556
STARLINK-6374           
1 57338U 23099L   25086.39462690  .00001417  00000+0  11993-3 0  9997
2 57338  43.0041 336.1416 0001260 274.4858  85.5840 15.02541155 93877
STARLINK-6374           
1 57338U 23099L   25086.72701820  .00002729  00000+0  21699-3 0  9996
2 57338  43.0045 334.3355 0001187 271.6125  88.4581 15.02536017 93928
STARLINK-6374           
1 57338U 23099L   25087.39180020  .00000090  00000+0  21748-4 0  9998
2 57338  43.0041 330.7232 0001294 272.6850  87.3844 15.02531719 94029
STARLINK-6374           
1 57338U 23099L   25087.39180020  .00000090  00000+0  21748-4 0  9998
2 57338  43.0041 330.7232 0001294 272.6850  87.3844 15.02531719 94760
STARLINK-6374           
1 57338U 23099L   25087.92362369  .00002263  00000+0  18259-3 0  9991
2 57338  43.0038 327.8330 0001360 272.1852  87.8835 15.02531627 94104
STARLINK-6374           
1 57338U 23099L   25088.05657911  .00002306  00000+0  18577-3 0  9997
2 57338  43.0041 327.1106 0001308 264.5503  95.5190 15.02533201 94124
STARLINK-6374           
1 57338U 23099L   25088.92078756  .00001775  00000+0  14645-3 0  9998
2 57338  43.0047 322.4155 0001497 270.6345  89.4326 15.02538063 94251
STARLINK-6374           
1 57338U 23099L   25089.05374315  .00002119  00000+0  17190-3 0  9994
2 57338  43.0051 321.6926 0001331 272.7703  87.2987 15.02537689 94275
STARLINK-6374           
1 57338U 23099L   25089.05374315  .00002119  00000+0  17190-3 0  9994
2 57338  43.0051 321.6926 0001331 272.7703  87.2987 15.02537689 95018
STARLINK-6374           
1 57338U 23099L   25089.91795761  .00001123  00000+0  98232-4 0  9992
2 57338  43.0053 316.9962 0001342 269.9559  90.1130 15.02535845 95145
STARLINK-6374           
1 57338U 23099L   25090.31682536  .00001324  00000+0  11304-3 0  9990
2 57338  43.0054 314.8286 0001238 268.4981  91.5719 15.02534781 94469
STARLINK-6374           
1 57338U 23099L   25090.91512350  .00000942  00000+0  84806-4 0  9995
2 57338  43.0049 311.5773 0001267 270.6141  89.4556 15.02537274 94558
STARLINK-6374           
1 57338U 23099L   25091.04807819  .00001020  00000+0  90537-4 0  9993
2 57338  43.0047 310.8549 0001269 270.6977  89.3720 15.02538290 95314
STARLINK-6374           
1 57338U 23099L   25091.31398755  .00001198  00000+0  10376-3 0  9995
2 57338  43.0048 309.4103 0001265 270.1307  89.9390 15.02540669 94617
STARLINK-6374           
1 57338U 23099L   25092.31115668  .00001101  00000+0  96527-4 0  9993
2 57338  43.0046 303.9925 0001258 268.9754  91.0944 15.02538469 94769
STARLINK-6374           
1 57338U 23099L   25092.31115668  .00001101  00000+0  96527-4 0  9993
2 57338  43.0046 303.9925 0001258 268.9754  91.0944 15.02538469 95502
STARLINK-6374           
1 57338U 23099L   25092.71002262  .00001110  00000+0  97247-4 0  9992
2 57338  43.0042 301.8251 0001252 268.5811  91.4888 15.02539064 94828
STARLINK-6374           
1 57338U 23099L   25093.57423068  .00001462  00000+0  12323-3 0  9999
2 57338  43.0038 297.1299 0001300 270.1741  89.8952 15.02541306 94956
STARLINK-6374           
1 57338U 23099L   25093.77366363  .00000820  00000+0  75813-4 0  9996
2 57338  43.0089 296.0431 0002078 235.5366 124.5280 15.02538746 94987
STARLINK-6374           
1 57338U 23099L   25093.77366363  .00000820  00000+0  75813-4 0  9996
2 57338  43.0089 296.0431 0002078 235.5366 124.5280 15.02538746 95720
STARLINK-6374           
1 57338U 23099L   25093.97310560 -.00000275  00000+0 -52573-5 0  9991
2 57338  43.0038 294.9584 0001517 251.0784 108.9894 15.02532006 95016
STARLINK-6374           
1 57338U 23099L   25093.97310560 -.00000275  00000+0 -52573-5 0  9991
2 57338  43.0038 294.9584 0001517 251.0784 108.9894 15.02532006 95757
STARLINK-6374           
1 57338U 23099L   25094.83731559  .00000993  00000+0  88582-4 0  9995
2 57338  43.0040 290.2658 0001425 263.4416  96.6264 15.02534766 95140
STARLINK-6374           
1 57338U 23099L   25094.97026785  .00000510  00000+0  52822-4 0  9991
2 57338  43.0039 289.5426 0001415 262.1462  97.9220 15.02540136 95906
STARLINK-6374           
1 57338U 23099L   25095.90096387  .00001092  00000+0  95925-4 0  9997
2 57338  43.0037 284.4863 0001367 264.4618  95.6068 15.02528925 95308
STARLINK-6374           
1 57338U 23099L   25095.96744162  .00001128  00000+0  98601-4 0  9998
2 57338  43.0037 284.1252 0001368 264.5127  95.5560 15.02529407 96059
STARLINK-6374           
1 57338U 23099L   25096.76517551 -.00000010  00000+0  14333-4 0  9997
2 57338  43.0032 279.7910 0001470 264.0515  96.0160 15.02536179 95432
STARLINK-6374           
1 57338U 23099L   25096.96460631  .00000582  00000+0  58174-4 0  9999
2 57338  43.0030 278.7068 0001335 266.0605  94.0084 15.02538577 96208
STARLINK-6374           
1 57338U 23099L   25097.49642787  .00001274  00000+0  10937-3 0  9995
2 57338  43.0033 275.8153 0001278 260.8414  99.2283 15.02537309 95546
STARLINK-6374           
1 57338U 23099L   25097.76234147  .00000899  00000+0  81639-4 0  9992
2 57338  43.0032 274.3704 0001243 260.1195  99.9507 15.02535188 95585
STARLINK-6374           
1 57338U 23099L   25098.49359513  .00001054  00000+0  93069-4 0  9992
2 57338  43.0024 270.3952 0001249 252.3347 107.7359 15.02537871 95691
STARLINK-6374           
1 57338U 23099L   25098.49359513  .00001054  00000+0  93069-4 0  9992
2 57338  43.0024 270.3952 0001249 252.3347 107.7359 15.02537871 96434
STARLINK-6374           
1 57338U 23099L   25098.75951097  .00001667  00000+0  13848-3 0  9992
2 57338  43.0028 268.9516 0001152 268.0337  92.0373 15.02529098 95739
STARLINK-6374           
1 57338U 23099L   25098.75951097  .00001667  00000+0  13848-3 0  9992
2 57338  43.0028 268.9516 0001152 268.0337  92.0373 15.02529098 96471
STARLINK-6374           
1 57338U 23099L   25099.49076395  .00000647  00000+0  62990-4 0  9993
2 57338  43.0026 264.9780 0001271 270.2796  89.7901 15.02537148 95849
STARLINK-6374           
1 57338U 23099L   25099.75667533  .00000626  00000+0  61375-4 0  9995
2 57338  43.0028 263.5332 0001305 271.2884  88.7809 15.02536953 95889
STARLINK-6374           
1 57338U 23099L   25100.42144881  .00001173  00000+0  10187-3 0  9990
2 57338  43.0031 259.9205 0001300 271.6280  88.4413 15.02541163 95988
STARLINK-6374           
1 57338U 23099L   25100.42144881  .00001173  00000+0  10187-3 0  9990
2 57338  43.0031 259.9205 0001300 271.6280  88.4413 15.02541163 96721
STARLINK-6374           
1 57338U 23099L   25101.15271248 -.00000153  00000+0  37577-5 0  9991
2 57338  43.0027 255.9463 0001343 273.4525  86.6164 15.02534349 96830
STARLINK-6374           
1 57338U 23099L   25101.75101296  .00000179  00000+0  28298-4 0  9998
2 57338  43.0031 252.6953 0001327 272.6512  87.4178 15.02534541 96188
STARLINK-6374           
1 57338U 23099L   25102.41578934  .00001366  00000+0  11616-3 0  9993
2 57338  43.0023 249.0848 0001305 276.3459  83.7235 15.02532721 96281
STARLINK-6374           
1 57338U 23099L   25102.41578934  .00001366  00000+0  11616-3 0  9993
2 57338  43.0023 249.0848 0001305 276.3459  83.7235 15.02532721 97024
STARLINK-6374           
1 57338U 23099L   25102.68170125  .00001326  00000+0  11324-3 0  9994
2 57338  43.0023 247.6391 0001268 270.3796  89.6901 15.02532948 96325
STARLINK-6374           
1 57338U 23099L   25103.67887209  .00000058  00000+0  19377-4 0  9990
2 57338  43.0027 242.2202 0001193 266.3895  93.6810 15.02532752 96476
STARLINK-6374           
1 57338U 23099L   25103.67887209  .00000058  00000+0  19377-4 0  9990
2 57338  43.0027 242.2202 0001193 266.3895  93.6810 15.02532752 97219
STARLINK-6374           
1 57338U 23099L   25104.67604274  .00001804  00000+0  14862-3 0  9993
2 57338  43.0042 236.8029 0001341 263.9802  96.0888 15.02523686 96620
STARLINK-6374           
1 57338U 23099L   25104.67604274  .00001804  00000+0  14862-3 0  9993
2 57338  43.0042 236.8029 0001341 263.9802  96.0888 15.02523686 97362
STARLINK-6374           
1 57338U 23099L   25105.73969634 -.00000125  00000+0  58321-5 0  9991
2 57338  43.0031 231.0241 0001211 305.8198  54.2532 15.02522374 96783
STARLINK-6374           
1 57338U 23099L   25105.73969634 -.00000125  00000+0  58321-5 0  9991
2 57338  43.0031 231.0241 0001211 305.8198  54.2532 15.02522374 97526
STARLINK-6374           
1 57338U 23099L   25106.07211566 -.00005286  00000+0 -37696-3 0  9997
2 57338  43.0033 229.2174 0001568 261.2520  98.8145 15.02491386 97578
STARLINK-6374           
1 57338U 23099L   25106.60393466 -.00002711  00000+0 -18583-3 0  9990
2 57338  43.0029 226.3282 0001867 255.0702 104.9934 15.02501541 96913
STARLINK-6374           
1 57338U 23099L   25106.73687265 -.00000193  00000+0  79282-6 0  9994
2 57338  43.0024 225.6049 0000861 274.9748  85.0996 15.02522052 96933
STARLINK-6374           
1 57338U 23099L   25106.73687265 -.00000193  00000+0  79282-6 0  9994
2 57338  43.0024 225.6049 0000861 274.9748  85.0996 15.02522052 97675
STARLINK-6374           
1 57338U 23099L   25107.66755540  .00009717  00000+0  73375-3 0  9993
2 57338  42.9929 220.5585 0003299  47.9771 312.1351 15.02517576 97076
STARLINK-6374           
1 57338U 23099L   25107.66755540  .00009717  00000+0  73375-3 0  9993
2 57338  42.9929 220.5585 0003299  47.9771 312.1351 15.02517576 97818
STARLINK-6374           
1 57338U 23099L   25108.33231285  .00001339  00000+0  11420-3 0  9998
2 57338  43.0079 216.9279 0003297 240.6895 119.3618 15.02538883 97910
STARLINK-6374           
1 57338U 23099L   25108.73117491 -.00006030  00000+0 -43114-3 0  9994
2 57338  43.0114 214.7601 0003546 244.0649 115.9828 15.02571277 97972
STARLINK-6374           
1 57338U 23099L   25109.26300302  .00000651  00000+0  63285-4 0  9991
2 57338  43.0077 211.8822 0003051 259.0339 101.0160 15.02537882 98055
STARLINK-6374           
1 57338U 23099L   25109.32948713 -.00003593  00000+0 -25088-3 0  9990
2 57338  43.0049 211.5181 0001809 256.3227 103.7414 15.02556244 97327
STARLINK-6374           
1 57338U 23099L   25110.59256678  .00001108  00000+0  97102-4 0  9998
2 57338  43.0045 204.6553 0001544 259.6817 100.3851 15.02530744 97512
STARLINK-6374           
1 57338U 23099L   25110.59256678  .00001108  00000+0  97102-4 0  9998
2 57338  43.0045 204.6553 0001544 259.6817 100.3851 15.02530744 98254
STARLINK-6374           
1 57338U 23099L   25111.58973589  .00000273  00000+0  35248-4 0  9990
2 57338  43.0024 199.2362 0001339 263.5018  96.5672 15.02533562 97669
STARLINK-6374           
1 57338U 23099L   25112.58689807 -.00000143  00000+0  44736-5 0  9998
2 57338  43.0023 193.8175 0001510 261.3869  98.6802 15.02538465 97813
STARLINK-6374           
1 57338U 23099L   25112.58689807 -.00000143  00000+0  44736-5 0  9998
2 57338  43.0023 193.8175 0001510 261.3869  98.6802 15.02538465 98555
STARLINK-6374           
1 57338U 23099L   25114.51475865  .00000460  00000+0  49127-4 0  9999
2 57338  43.0030 183.3428 0001433 265.2368  94.8311 15.02538020 98100
STARLINK-6374           
1 57338U 23099L   25114.51475865  .00000460  00000+0  49127-4 0  9999
2 57338  43.0030 183.3428 0001433 265.2368  94.8311 15.02538020 98841
STARLINK-6374           
1 57338U 23099L   25115.51192632  .00000354  00000+0  41260-4 0  9990
2 57338  43.0016 177.9243 0001547 260.7183  99.3485 15.02536765 98251
STARLINK-6374           
1 57338U 23099L   25116.17671027 -.00000375  00000+0 -12658-4 0  9997
2 57338  43.0015 174.3118 0001541 261.8115  98.2553 15.02531486 99095
STARLINK-6374           
1 57338U 23099L   25116.44262319 -.00000729  00000+0 -38877-4 0  9991
2 57338  43.0030 172.8683 0001494 263.8597  96.2076 15.02532463 98391
STARLINK-6374           
1 57338U 23099L   25117.50626304  .00001256  00000+0  10806-3 0  9992
2 57338  43.0022 167.0874 0001394 263.8801  96.1883 15.02533813 98550
STARLINK-6374           
1 57338U 23099L   25117.50626304  .00001256  00000+0  10806-3 0  9992
2 57338  43.0022 167.0874 0001394 263.8801  96.1883 15.02533813 99292
STARLINK-6374           
1 57338U 23099L   25118.50343322  .00000189  00000+0  29041-4 0  9995
2 57338  43.0025 161.6688 0001395 265.0803  94.9880 15.02535170 98701
STARLINK-6374           
1 57338U 23099L   25121.76084310  .00000431  00000+0  46967-4 0  9992
2 57338  43.0031 143.9691 0001291 268.6986  91.3709 15.02537584 99197
STARLINK-6374           
1 57338U 23099L   25121.76084310  .00000431  00000+0  46967-4 0  9992
2 57338  43.0031 143.9691 0001291 268.6986  91.3709 15.02537584 99939
STARLINK-6374           
1 57338U 23099L   25122.35914966 -.00000766  00000+0 -41627-4 0  9998
2 57338  43.0019 140.7159 0001279 271.5744  88.4952 15.02532038100029
STARLINK-6374           
1 57338U 23099L   25122.75801959 -.00002565  00000+0 -17486-3 0  9993
2 57338  43.0042 138.5502 0001256 271.9509  88.1189 15.02540928 99348
STARLINK-6374           
1 57338U 23099L   25123.42279411 -.00000200  00000+0  28752-6 0  9994
2 57338  43.0036 134.9377 0001219 269.0503  91.0200 15.02534614100189
STARLINK-6374           
1 57338U 23099L   25123.42279411 -.00000200  00000+0  28752-6 0  9994
2 57338  43.0036 134.9377 0001219 269.0503  91.0200 15.02534614 99445
STARLINK-6374           
1 57338U 23099L   25123.75518114  .00000216  00000+0  31094-4 0  9993
2 57338  43.0039 133.1316 0001191 268.5330  91.5376 15.02536671 99492
STARLINK-6374           
1 57338U 23099L   25124.28700541  .00000402  00000+0  44864-4 0  9995
2 57338  43.0038 130.2417 0001234 266.4835  93.5866 15.02533942 99579
STARLINK-6374           
1 57338U 23099L   25125.01826263  .00000384  00000+0  43514-4 0  9997
2 57338  43.0038 126.2685 0001262 266.4958  93.5740 15.02534443100423
STARLINK-6374           
1 57338U 23099L   25125.68304054  .00000101  00000+0  22532-4 0  9993
2 57338  43.0037 122.6560 0001243 266.4221  93.6480 15.02536484 99781
STARLINK-6374           
1 57338U 23099L   25126.28134047  .00000231  00000+0  32177-4 0  9993
2 57338  43.0036 119.4052 0001257 267.9771  92.0927 15.02536678100610
STARLINK-6374           
1 57338U 23099L   25126.28134047  .00000231  00000+0  32177-4 0  9993
2 57338  43.0036 119.4052 0001257 267.9771  92.0927 15.02536678 99875
STARLINK-6374           
1 57338U 23099L   25127.01259462  .00000525  00000+0  53921-4 0  9990
2 57338  43.0035 115.4317 0001212 266.6698  93.4005 15.02537283 99986
STARLINK-6374           
1 57338U 23099L   25128.20919594 -.00000026  00000+0  13136-4 0  9992
2 57338  43.0019 108.9283 0001130 266.2197  93.8516 15.02536793100907
STARLINK-6374           
1 57338U 23099L   25128.27567498 -.00000075  00000+0  95338-5 0  9990
2 57338  43.0043 108.5693 0001316 267.0893  92.9799 15.02535533100176
STARLINK-6374           
1 57338U 23099L   25129.00693355 -.00000409  00000+0 -15240-4 0  9999
2 57338  43.0043 104.5950 0001292 267.6838  92.3857 15.02533179100281
STARLINK-6374           
1 57338U 23099L   25129.00693355 -.00000409  00000+0 -15240-4 0  9999
2 57338  43.0043 104.5950 0001292 267.6838  92.3857 15.02533179101024
STARLINK-6374           
1 57338U 23099L   25130.33648818  .00000520  00000+0  53575-4 0  9996
2 57338  43.0036  97.3710 0001309 269.3444  90.7248 15.02533217101221
STARLINK-6374           
1 57338U 23099L   25130.60239936  .00000504  00000+0  52383-4 0  9991
2 57338  43.0036  95.9259 0001302 268.8529  91.2165 15.02533653100524
STARLINK-6374           
1 57338U 23099L   25130.93478981 -.00000115  00000+0  65293-5 0  9996
2 57338  43.0038  94.1196 0001276 269.1956  90.8740 15.02534846100579
STARLINK-6374           
1 57338U 23099L   25131.20073190 -.00004086  00000+0 -28779-3 0  9998
2 57338  43.0047  92.6746 0001388 276.3114  83.7570 15.02503749100618
STARLINK-6374           
1 57338U 23099L   25131.20073190 -.00004086  00000+0 -28779-3 0  9998
2 57338  43.0047  92.6746 0001388 276.3114  83.7570 15.02503749101350
STARLINK-6374           
1 57338U 23099L   25132.19788819  .00000449  00000+0  48368-4 0  9992
2 57338  43.0040  87.2511 0002028 258.7688 101.2926 15.02514122101500
STARLINK-6374           
1 57338U 23099L   25132.59674681  .00000651  00000+0  63238-4 0  9995
2 57338  43.0033  85.0888 0001574 251.5299 108.5373 15.02533654100820
STARLINK-6374           
1 57338U 23099L   25132.59674681  .00000651  00000+0  63238-4 0  9995
2 57338  43.0033  85.0888 0001574 251.5299 108.5373 15.02533654101562
STARLINK-6374           
1 57338U 23099L   25132.92913103  .00001586  00000+0  13242-3 0  9994
2 57338  43.0048  83.2819 0001207 263.0535  97.0170 15.02540261100878
STARLINK-6374           
1 57338U 23099L   25133.12856419  .00001625  00000+0  13533-3 0  9990
2 57338  43.0049  82.1981 0001194 264.7211  95.3495 15.02540603100906
STARLINK-6374           
1 57338U 23099L   25133.12856419  .00001625  00000+0  13533-3 0  9990
2 57338  43.0049  82.1981 0001194 264.7211  95.3495 15.02540603101648
STARLINK-6374           
1 57338U 23099L   25133.85981846  .00000819  00000+0  75682-4 0  9991
2 57338  43.0037  78.2262 0001217 270.0123  90.0580 15.02551468101010
STARLINK-6374           
1 57338U 23099L   25134.19220871  .00000155  00000+0  26576-4 0  9994
2 57338  43.0038  76.4204 0001237 271.1831  88.8869 15.02547477101804
STARLINK-6374           
1 57338U 23099L   25134.52459337  .00000324  00000+0  39068-4 0  9990
2 57338  43.0039  74.6142 0001240 271.0423  89.0277 15.02549158101114
STARLINK-6374           
1 57338U 23099L   25135.18937317 -.00000948  00000+0 -55107-4 0  9998
2 57338  43.0046  71.0027 0001218 271.9695  88.1007 15.02543932101216
STARLINK-6374           
1 57338U 23099L   25135.18937317 -.00000948  00000+0 -55107-4 0  9998
2 57338  43.0046  71.0027 0001218 271.9695  88.1007 15.02543932101957
STARLINK-6374           
1 57338U 23099L   25135.98710562 -.00000754  00000+0 -40772-4 0  9994
2 57338  43.0049  66.6675 0001247 266.5806  93.4894 15.02538792101338
STARLINK-6374           
1 57338U 23099L   25137.18370640  .00000099  00000+0  22409-4 0  9994
2 57338  43.0051  60.1653 0001231 269.9856  90.0846 15.02535220101514
STARLINK-6374           
1 57338U 23099L   25137.18370640  .00000099  00000+0  22409-4 0  9994
2 57338  43.0051  60.1653 0001231 269.9856  90.0846 15.02535220102256
STARLINK-6374           
1 57338U 23099L   25138.44678685  .00000209  00000+0  30555-4 0  9998
2 57338  43.0045  53.3029 0001266 275.2266  84.8432 15.02533459101706
STARLINK-6374           
1 57338U 23099L   25138.44678685  .00000209  00000+0  30555-4 0  9998
2 57338  43.0045  53.3029 0001266 275.2266  84.8432 15.02533459102448
STARLINK-6374           
1 57338U 23099L   25139.44395178  .00000340  00000+0  40258-4 0  9999
2 57338  43.0065  47.8836 0001214 268.8567  91.2136 15.02537283101855
STARLINK-6374           
1 57338U 23099L   25140.10873511 -.00000072  00000+0  97134-5 0  9995
2 57338  43.0057  44.2711 0001213 268.9828  91.0875 15.02531318101951
STARLINK-6374           
1 57338U 23099L   25140.10873511 -.00000072  00000+0  97134-5 0  9995
2 57338  43.0057  44.2711 0001213 268.9828  91.0875 15.02531318102693
STARLINK-6374           
1 57338U 23099L   25140.77351180  .00000163  00000+0  27152-4 0  9993
2 57338  43.0053  40.6591 0001225 267.4999  92.5703 15.02534297102056
STARLINK-6374           
1 57338U 23099L   25141.43828270  .00000840  00000+0  77247-4 0  9998
2 57338  43.0051  37.0474 0001222 266.2214  93.8488 15.02542105102150
STARLINK-6374           
1 57338U 23099L   25141.43828270  .00000840  00000+0  77247-4 0  9998
2 57338  43.0051  37.0474 0001222 266.2214  93.8488 15.02542105102891
STARLINK-6374           
1 57338U 23099L   25142.03658889  .00000254  00000+0  33847-4 0  9999
2 57338  43.0034  33.7973 0001123 257.8411 102.2306 15.02534247102245
STARLINK-6374           
1 57338U 23099L   25142.03658889  .00000254  00000+0  33847-4 0  9999
2 57338  43.0034  33.7973 0001123 257.8411 102.2306 15.02534247102986
STARLINK-6374           
1 57338U 23099L   25143.36614443 -.00000636  00000+0 -31993-4 0  9990
2 57338  43.0044  26.5729 0001578 258.5053 101.5612 15.02537440102441
STARLINK-6374           
1 57338U 23099L   25143.36614443 -.00000636  00000+0 -31993-4 0  9990
2 57338  43.0044  26.5729 0001578 258.5053 101.5612 15.02537440103183
STARLINK-6374           
1 57338U 23099L   25144.36331250  .00000457  00000+0  48890-4 0  9996
2 57338  43.0035  21.1546 0001146 264.5659  95.5053 15.02535649102595
STARLINK-6374           
1 57338U 23099L   25144.69570191  .00000377  00000+0  43003-4 0  9993
2 57338  43.0035  19.3483 0001139 264.1490  95.9222 15.02535788102647
STARLINK-6374           
1 57338U 23099L   25144.69570191  .00000377  00000+0  43003-4 0  9993
2 57338  43.0035  19.3483 0001139 264.1490  95.9222 15.02535788103389
STARLINK-6374           
1 57338U 23099L   25145.36048280  .00000033  00000+0  17532-4 0  9994
2 57338  43.0047  15.7358 0001242 264.1266  95.9435 15.02533787102741
STARLINK-6374           
1 57338U 23099L   25145.89230779 -.00000151  00000+0  39280-5 0  9995
2 57338  43.0049  12.8462 0001230 263.2206  96.8497 15.02532202102826
STARLINK-6374           
1 57338U 23099L   25145.89230779 -.00000151  00000+0  39280-5 0  9995
2 57338  43.0049  12.8462 0001230 263.2206  96.8497 15.02532202103568
STARLINK-6374           
1 57338U 23099L   25147.62072767  .00000580  00000+0  58001-4 0  9995
2 57338  43.0049   3.4539 0001238 266.6563  93.4137 15.02536277103087
STARLINK-6374           
1 57338U 23099L   25147.88664123  .00000250  00000+0  33590-4 0  9996
2 57338  43.0050   2.0086 0001272 266.1482  93.9215 15.02533840103124
STARLINK-6374           
1 57338U 23099L   25147.88664123  .00000250  00000+0  33590-4 0  9996
2 57338  43.0050   2.0086 0001272 266.1482  93.9215 15.02533840103865
STARLINK-6374           
1 57338U 23099L   25148.28550491  .00000507  00000+0  52634-4 0  9998
2 57338  43.0051 359.8415 0001290 266.8987  93.1708 15.02538086103183
STARLINK-6374           
1 57338U 23099L   25148.88381102 -.00000615  00000+0 -30477-4 0  9998
2 57338  43.0052 356.5908 0001297 266.9827  93.0867 15.02533379103271
STARLINK-6374           
1 57338U 23099L   25149.94745411  .00000189  00000+0  29102-4 0  9990
2 57338  43.0049 350.8119 0001311 265.7201  94.3492 15.02534500103431
STARLINK-6374           
1 57338U 23099L   25149.94745411  .00000189  00000+0  29102-4 0  9990
2 57338  43.0049 350.8119 0001311 265.7201  94.3492 15.02534500104173
STARLINK-6374           
1 57338U 23099L   25150.27983854  .00000336  00000+0  39974-4 0  9995
2 57338  43.0046 349.0064 0001349 264.5563  95.5125 15.02540780103484
STARLINK-6374           
1 57338U 23099L   25150.94462300  .00000009  00000+0  15737-4 0  9995
2 57338  43.0028 345.3934 0001339 239.9521 120.1188 15.02532820103589
STARLINK-6374           
1 57338U 23099L   25151.80883771 -.00000584  00000+0 -28168-4 0  9992
2 57338  43.0027 340.6998 0001249 261.7927  98.2774 15.02534067104457
STARLINK-6374           
1 57338U 23099L   25151.94179271 -.00000458  00000+0 -18826-4 0  9990
2 57338  43.0025 339.9774 0001230 261.7877  98.2826 15.02534937103736
STARLINK-6374           
1 57338U 23099L   25152.54008574  .00001107  00000+0  96985-4 0  9996
2 57338  43.0052 336.7241 0001418 264.3833  95.6848 15.02539686103820
STARLINK-6374           
1 57338U 23099L   25152.54008574  .00001107  00000+0  96985-4 0  9996
2 57338  43.0052 336.7241 0001418 264.3833  95.6848 15.02539686104562
STARLINK-6374           
1 57338U 23099L   25152.80599176  .00001664  00000+0  13823-3 0  9995
2 57338  43.0034 335.2801 0001400 264.4369  95.6314 15.02544571103863
STARLINK-6374           
1 57338U 23099L   25152.80599176  .00001664  00000+0  13823-3 0  9995
2 57338  43.0034 335.2801 0001400 264.4369  95.6314 15.02544571104606
