STARLINK-31152          
1 58734U 24005G   25070.36484806 -.00001117  00000+0 -67641-4 0  9990
2 58734  43.0024  36.2100 0001160 251.6741 108.3975 15.02530596 65761
STARLINK-31152          
1 58734U 24005G   25071.36203206 -.00001432  00000+0 -90990-4 0  9997
2 58734  43.0030  30.7910 0000961 243.2272 116.8472 15.02521146 65914
STARLINK-31152          
1 58734U 24005G   25071.56145734 -.00001288  00000+0 -80283-4 0  9993
2 58734  43.0032  29.7088 0001209 258.5494 101.5212 15.02534937 65949
STARLINK-31152          
1 58734U 24005G   25071.89382951 -.00011545  00000+0 -83977-3 0  9992
2 58734  43.0063  27.8996 0001429 271.4332  88.6347 15.02590016 65998
STARLINK-31152          
1 58734U 24005G   25072.15974899  .00002681  00000+0  21348-3 0  9993
2 58734  43.0025  26.4561 0001223 261.1632  98.9072 15.02537898 66034
STARLINK-31152          
1 58734U 24005G   25072.55859819  .00006371  00000+0  48605-3 0  9996
2 58734  43.0064  24.2863 0001313 264.8809  95.1884 15.02554104 66099
STARLINK-31152          
1 58734U 24005G   25072.95746732  .00010175  00000+0  76725-3 0  9990
2 58734  42.9976  22.1225 0000123  83.9331 276.1526 15.02533703 66159
STARLINK-31152          
1 58734U 24005G   25073.55578962  .00000576  00000+0  57763-4 0  9991
2 58734  43.0031  18.8653 0002455 261.6804  98.3760 15.02529437 66243
STARLINK-31152          
1 58734U 24005G   25073.88818376 -.00001622  00000+0 -10503-3 0  9998
2 58734  43.0074  17.0673 0001428 265.4131  94.6548 15.02536084 66291
STARLINK-31152          
1 58734U 24005G   25074.55294270 -.00001857  00000+0 -12237-3 0  9990
2 58734  43.0054  13.4542 0001603 266.1989  93.8670 15.02558850 66391
STARLINK-31152          
1 58734U 24005G   25074.81885245  .00002052  00000+0  16696-3 0  9996
2 58734  43.0063  12.0047 0002444 255.6559 104.4012 15.02541763 66435
STARLINK-31152          
1 58734U 24005G   25075.08478286 -.00000845  00000+0 -47438-4 0  9998
2 58734  43.0077  10.5607 0003172 263.4945  96.5537 15.02520556 66474
STARLINK-31152          
1 58734U 24005G   25076.21489142 -.00002331  00000+0 -15743-3 0  9992
2 58734  43.0054   4.4225 0001412 251.1433 108.9256 15.02561119 66643
STARLINK-31152          
1 58734U 24005G   25076.48079768  .00002306  00000+0  18560-3 0  9990
2 58734  43.0062   2.9787 0001556 267.3116  92.7548 15.02557471 66688
STARLINK-31152          
1 58734U 24005G   25076.87966445  .00000279  00000+0  35707-4 0  9990
2 58734  43.0027   0.8130 0000785 279.8067  80.2687 15.02561276 66745
STARLINK-31152          
1 58734U 24005G   25077.21207862  .00001600  00000+0  13352-3 0  9990
2 58734  43.0024 359.0040 0001666 281.1318  78.9337 15.02517694 66791
STARLINK-31152          
1 58734U 24005G   25077.81036867  .00000391  00000+0  44049-4 0  9995
2 58734  43.0053 355.7542 0001456 265.3562  94.7114 15.02543514 66884
STARLINK-31152          
1 58734U 24005G   25077.87685657 -.00006156  00000+0 -44123-3 0  9997
2 58734  43.0039 355.3917 0003183 281.1684  78.8801 15.02513434 66895
STARLINK-31152          
1 58734U 24005G   25078.14276543 -.00001335  00000+0 -83792-4 0  9998
2 58734  43.0034 353.9481 0001537 249.3072 110.7606 15.02531489 66932
STARLINK-31152          
1 58734U 24005G   25079.13992423  .00005219  00000+0  40109-3 0  9997
2 58734  43.0035 348.5302 0001474 253.1055 106.9626 15.02541199 67084
STARLINK-31152          
1 58734U 24005G   25079.73821931  .00008140  00000+0  61680-3 0  9991
2 58734  43.0036 345.2809 0001400 260.2873  99.7812 15.02546175 67172
STARLINK-31152          
1 58734U 24005G   25081.06780047 -.00003203  00000+0 -22228-3 0  9994
2 58734  43.0017 338.0536 0001294 228.9383 131.1348 15.02517872 67375
STARLINK-31152          
1 58734U 24005G   25081.73257227  .00024837  00000+0  18462-2 0  9995
2 58734  43.0042 334.4440 0001675 245.7805 114.2862 15.02555080 67473
STARLINK-31152          
1 58734U 24005G   25082.06496598 -.00001318  00000+0 -82590-4 0  9994
2 58734  43.0029 332.6370 0001274 249.1267 110.9439 15.02516305 67521
STARLINK-31152          
1 58734U 24005G   25082.72973133 -.00004989  00000+0 -35436-3 0  9995
2 58734  43.0071 329.0223 0001901 258.7855 101.2774 15.02546971 67629
STARLINK-31152          
1 58734U 24005G   25083.39451249  .00003027  00000+0  23903-3 0  9994
2 58734  43.0065 325.4107 0001763 261.2113  98.8529 15.02541744 67728
STARLINK-31152          
1 58734U 24005G   25083.92632408  .00020441  00000+0  15221-2 0  9993
2 58734  43.0029 322.5228 0004069 286.0795  73.9599 15.02575512 67803
STARLINK-31152          
1 58734U 24005G   25083.99281303  .00007397  00000+0  56191-3 0  9991
2 58734  43.0050 322.1602 0001747 263.1585  96.9058 15.02547356 67813
STARLINK-31152          
1 58734U 24005G   25084.92349952  .00003050  00000+0  24071-3 0  9994
2 58734  43.0039 317.1030 0001659 265.4024  94.6629 15.02545050 67957
STARLINK-31152          
1 58734U 24005G   25084.98997710  .00002664  00000+0  21218-3 0  9991
2 58734  43.0034 316.7421 0001634 271.6766  88.3889 15.02544937 67968
STARLINK-31152          
1 58734U 24005G   25085.32236722  .00000910  00000+0  82459-4 0  9996
2 58734  43.0032 314.9358 0001622 272.6117  87.4539 15.02540359 68016
STARLINK-31152          
1 58734U 24005G   25085.92066729  .00000547  00000+0  55572-4 0  9992
2 58734  43.0031 311.6850 0001620 273.7189  86.3468 15.02539117 68104
STARLINK-31152          
1 58734U 24005G   25086.31953107  .00002010  00000+0  16379-3 0  9999
2 58734  43.0035 309.5178 0001644 275.7992  84.2663 15.02545150 68161
STARLINK-31152          
1 58734U 24005G   25086.98431610  .00001379  00000+0  11715-3 0  9998
2 58734  43.0046 305.9042 0001643 280.7702  79.2955 15.02531995 68268
STARLINK-31152          
1 58734U 24005G   25088.31387228  .00001573  00000+0  13146-3 0  9998
2 58734  43.0010 298.6834 0001249 271.6785  88.3915 15.02536994 68461
STARLINK-31152          
1 58734U 24005G   25088.84569416  .00001539  00000+0  12900-3 0  9996
2 58734  43.0003 295.7942 0001245 272.3857  87.6843 15.02537251 68543
STARLINK-31152          
1 58734U 24005G   25088.97865097  .00001422  00000+0  12030-3 0  9999
2 58734  43.0013 295.0705 0001441 264.0134  96.0544 15.02534785 68561
STARLINK-31152          
1 58734U 24005G   25089.77639222  .00001166  00000+0  10135-3 0  9996
2 58734  42.9947 290.7350 0000583 195.7478 164.3346 15.02527624 68686
STARLINK-31152          
1 58734U 24005G   25089.97581089  .00005328  00000+0  40917-3 0  9990
2 58734  43.0018 289.6505 0001061 252.0501 108.0225 15.02537818 68713
STARLINK-31152          
1 58734U 24005G   25090.24172833  .00001077  00000+0  94821-4 0  9996
2 58734  43.0033 288.2059 0001913 260.9456  99.1170 15.02535001 68757
STARLINK-31152          
1 58734U 24005G   25090.83998182 -.00004950  00000+0 -35082-3 0  9992
2 58734  43.0006 284.9524 0001121 252.5540 107.5180 15.02617679 68846
STARLINK-31152          
1 58734U 24005G   25091.50480599  .00001259  00000+0  10829-3 0  9994
2 58734  43.0028 281.3418 0001749 267.2701  92.7941 15.02539082 68943
STARLINK-31152          
1 58734U 24005G   25092.23604220  .00009072  00000+0  68535-3 0  9992
2 58734  43.0023 277.3671 0001157 266.6872  93.3838 15.02559229 69059
STARLINK-31152          
1 58734U 24005G   25092.83436512  .00000443  00000+0  47877-4 0  9995
2 58734  43.0028 274.1177 0001483 270.9745  89.0927 15.02536583 69148
STARLINK-31152          
1 58734U 24005G   25093.49915707 -.00000971  00000+0 -56867-4 0  9993
2 58734  43.0007 270.5036 0001349 258.6541 101.4150 15.02524281 69247
STARLINK-31152          
1 58734U 24005G   25093.76508419 -.00002579  00000+0 -17596-3 0  9992
2 58734  43.0079 269.0611 0002319 273.0410  87.0167 15.02511324 69287
STARLINK-31152          
1 58734U 24005G   25094.16395322 -.00001528  00000+0 -98152-4 0  9995
2 58734  43.0011 266.8950 0000505 245.8923 114.1867 15.02513034 69341
STARLINK-31152          
1 58734U 24005G   25094.82870246  .00004344  00000+0  33640-3 0  9998
2 58734  43.0012 263.2823 0001222 270.9743  89.0959 15.02540147 69446
STARLINK-31152          
1 58734U 24005G   25095.16107847  .00005206  00000+0  39995-3 0  9993
2 58734  43.0030 261.4738 0001539 270.9224  89.1442 15.02556715 69497
STARLINK-31152          
1 58734U 24005G   25095.49348473  .00006968  00000+0  53025-3 0  9997
2 58734  43.0000 259.6654 0001169 250.0072 110.0644 15.02546220 69543
STARLINK-31152          
1 58734U 24005G   25095.82588113  .00001861  00000+0  15281-3 0  9990
2 58734  43.0029 257.8631 0001388 267.4699  92.5984 15.02530662 69598
STARLINK-31152          
1 58734U 24005G   25096.82305112 -.00003652  00000+0 -25546-3 0  9994
2 58734  43.0015 252.4462 0001486 268.9077  91.1595 15.02528975 69745
STARLINK-31152          
1 58734U 24005G   25097.15544660 -.00004091  00000+0 -28804-3 0  9992
2 58734  43.0016 250.6398 0001539 272.0938  87.9728 15.02521959 69796
STARLINK-31152          
1 58734U 24005G   25097.75374129  .00004582  00000+0  35405-3 0  9997
2 58734  43.0015 247.3873 0001580 276.9457  83.1205 15.02537316 69883
STARLINK-31152          
1 58734U 24005G   25098.41850565  .00005640  00000+0  43217-3 0  9990
2 58734  43.0024 243.7727 0001245 249.6304 110.4404 15.02545728 69989
STARLINK-31152          
1 58734U 24005G   25098.68441928  .00004084  00000+0  31711-3 0  9995
2 58734  43.0029 242.3286 0001455 268.3242  91.7434 15.02545608 70029
STARLINK-31152          
1 58734U 24005G   25099.41567535  .00005797  00000+0  44380-3 0  9998
2 58734  43.0033 238.3552 0001501 266.0039  94.0632 15.02538296 70139
STARLINK-31152          
1 58734U 24005G   25099.68158478  .00000105  00000+0  22813-4 0  9995
2 58734  43.0015 236.9087 0000654 229.3259 130.7526 15.02547145 70177
STARLINK-31152          
1 58734U 24005G   25100.41283530  .00000322  00000+0  38883-4 0  9992
2 58734  43.0038 232.9368 0001348 263.9823  96.0866 15.02545813 70285
STARLINK-31152          
1 58734U 24005G   25101.21057412  .00003290  00000+0  25860-3 0  9996
2 58734  43.0039 228.6021 0001494 262.8221  97.2451 15.02519083 70403
STARLINK-31152          
1 58734U 24005G   25101.80887168  .00000410  00000+0  45451-4 0  9990
2 58734  43.0029 225.3514 0001322 264.3743  95.6949 15.02533415 70497
STARLINK-31152          
1 58734U 24005G   25102.20773386  .00001824  00000+0  15003-3 0  9990
2 58734  43.0030 223.1842 0001306 266.1465  93.9228 15.02546339 70559
STARLINK-31152          
1 58734U 24005G   25102.54015749 -.00013093  00000+0 -95751-3 0  9990
2 58734  43.0029 221.3768 0001331 267.1209  92.9481 15.02475648 70609
STARLINK-31152          
1 58734U 24005G   25102.60661063  .00000177  00000+0  28183-4 0  9996
2 58734  43.0031 221.0158 0001528 259.3487 100.7184 15.02530340 70611
STARLINK-31152          
1 58734U 24005G   25102.80603978  .00001946  00000+0  15908-3 0  9994
2 58734  43.0032 219.9323 0001407 265.9578  94.1104 15.02536024 70648
STARLINK-31152          
1 58734U 24005G   25103.20489876  .00004289  00000+0  33221-3 0  9999
2 58734  43.0027 217.7649 0001473 260.9725  99.0951 15.02552922 70707
STARLINK-31152          
1 58734U 24005G   25103.53727692  .00047074  00000+0  34679-2 0  9992
2 58734  43.0028 215.9594 0001044 232.6456 127.4292 15.02629123 70755
STARLINK-31152          
1 58734U 24005G   25103.80321043  .00003294  00000+0  25880-3 0  9993
2 58734  43.0027 214.5153 0001414 277.2959  82.7723 15.02535129 70792
STARLINK-31152          
1 58734U 24005G   25104.73390310  .00012884  00000+0  96694-3 0  9995
2 58734  43.0025 209.4589 0001485 277.7947  82.2727 15.02542100 70938
STARLINK-31152          
1 58734U 24005G   25105.19924288  .00015010  00000+0  11232-2 0  9991
2 58734  43.0023 206.9308 0001457 277.2759  82.7918 15.02557517 71006
STARLINK-31152          
1 58734U 24005G   25105.53163613  .00001045  00000+0  92409-4 0  9996
2 58734  43.0023 205.1243 0001422 266.4339  93.6340 15.02535549 71057
STARLINK-31152          
1 58734U 24005G   25105.59811437  .00002159  00000+0  17482-3 0  9990
2 58734  43.0024 204.7634 0001441 270.4936  89.5741 15.02536267 71064
STARLINK-31152          
1 58734U 24005G   25105.73107014  .00005387  00000+0  41350-3 0  9992
2 58734  43.0023 204.0406 0001473 271.6288  88.4386 15.02540343 71086
STARLINK-31152          
1 58734U 24005G   25106.19641247  .00018372  00000+0  13708-2 0  9997
2 58734  43.0022 201.5119 0001444 268.6579  91.4098 15.02556886 71156
STARLINK-31152          
1 58734U 24005G   25106.39584644  .00013483  00000+0  10109-2 0  9996
2 58734  43.0021 200.4288 0001442 265.4743  94.5935 15.02549752 71187
STARLINK-31152          
1 58734U 24005G   25106.59528008  .00013372  00000+0  10027-2 0  9996
2 58734  43.0022 199.3451 0001491 267.1452  92.9219 15.02548487 71211
STARLINK-31152          
1 58734U 24005G   25106.72823421  .00016674  00000+0  12458-2 0  9996
2 58734  43.0022 198.6227 0001506 265.6744  94.3926 15.02555058 71233
STARLINK-31152          
1 58734U 24005G   25107.59243819  .00014326  00000+0  10727-2 0  9998
2 58734  43.0016 193.9264 0002363 259.5234 100.5343 15.02560997 71368
STARLINK-31152          
1 58734U 24005G   25107.72540121  .00008877  00000+0  67154-3 0  9990
2 58734  43.0017 193.2049 0001084 289.7870  70.2855 15.02525347 71386
STARLINK-31152          
1 58734U 24005G   25108.72257909  .00009029  00000+0  68261-3 0  9990
2 58734  43.0016 187.7858 0001157   6.4895 353.5962 15.02536436 71537
STARLINK-31152          
1 58734U 24005G   25109.65325962  .00012953  00000+0  97199-3 0  9990
2 58734  43.0045 182.7255 0002115 260.0569 100.0035 15.02543378 71670
STARLINK-31152          
1 58734U 24005G   25110.65042524  .00004362  00000+0  33768-3 0  9999
2 58734  43.0030 177.3107 0001666 275.1252  84.9400 15.02545363 71825
STARLINK-31152          
1 58734U 24005G   25111.58108147  .00012998  00000+0  97404-3 0  9997
2 58734  43.0005 172.2487 0000929 234.8883 125.1872 15.02592995 71964
STARLINK-31152          
1 58734U 24005G   25111.64752701  .00027650  00000+0  20477-2 0  9991
2 58734  43.0009 171.8964 0004284 246.5604 113.4788 15.02644544 71977
STARLINK-31152          
1 58734U 24005G   25112.57824574 -.00007617  00000+0 -54890-3 0  9992
2 58734  42.9878 166.8517 0003155  35.3535 324.7516 15.02563645 72115
STARLINK-31152          
1 58734U 24005G   25112.64472678 -.00029355  00000+0 -21686-2 0  9993
2 58734  42.9958 166.4781 0002350  37.3632 322.7373 15.02506656 72128
STARLINK-31152          
1 58734U 24005G   25114.50614488  .00010039  00000+0  75778-3 0  9996
2 58734  43.0073 156.3546 0001321 284.1883  75.8813 15.02505741 72402
STARLINK-31152          
1 58734U 24005G   25114.57262406  .00009844  00000+0  74329-3 0  9995
2 58734  43.0071 155.9934 0001219 290.5201  69.5511 15.02508373 72417
STARLINK-31152          
1 58734U 24005G   25115.56979625  .00008377  00000+0  63455-3 0  9991
2 58734  43.0047 150.5772 0001569 265.7616  94.3047 15.02529985 72561
STARLINK-31152          
1 58734U 24005G   25116.56696629  .00007244  00000+0  55062-3 0  9999
2 58734  43.0016 145.1611 0000656 307.8019  52.2764 15.02545446 72716
STARLINK-31152          
1 58734U 24005G   25117.56412622  .00006155  00000+0  47005-3 0  9997
2 58734  43.0034 139.7402 0000533 304.8315  55.2477 15.02553839 72868
STARLINK-31152          
1 58734U 24005G   25118.49481421 -.00000217  00000+0 -10370-5 0  9995
2 58734  43.0037 134.6830 0000627 294.4066  65.6711 15.02540760 73003
STARLINK-31152          
1 58734U 24005G   25121.68575416  .00000367  00000+0  42248-4 0  9990
2 58734  43.0035 117.3470 0000511 271.5377  88.5407 15.02535564 73486
STARLINK-31152          
1 58734U 24005G   25122.41700996  .00000150  00000+0  26166-4 0  9996
2 58734  43.0037 113.3730 0000481 265.0169  95.0619 15.02536537 73597
STARLINK-31152          
1 58734U 24005G   25122.68291944  .00000346  00000+0  40692-4 0  9990
2 58734  43.0037 111.9282 0000491 259.8806 100.1981 15.02538293 73639
STARLINK-31152          
1 58734U 24005G   25123.01530937  .00001179  00000+0  10230-3 0  9995
2 58734  43.0038 110.1220 0000480 254.8794 105.1995 15.02533596 73688
STARLINK-31152          
1 58734U 24005G   25123.41417697  .00001151  00000+0  10028-3 0  9991
2 58734  43.0038 107.9547 0000492 251.2204 108.8585 15.02534412 73744
STARLINK-31152          
1 58734U 24005G   25123.68008746  .00001236  00000+0  10652-3 0  9998
2 58734  43.0038 106.5098 0000510 249.2458 110.8330 15.02535826 73784
STARLINK-31152          
1 58734U 24005G   25124.21191391  .00000411  00000+0  45508-4 0  9990
2 58734  43.0038 103.6195 0000566 240.1041 119.9745 15.02532899 73865
STARLINK-31152          
1 58734U 24005G   25124.41134666  .00000677  00000+0  65178-4 0  9993
2 58734  43.0038 102.5360 0000550 238.2726 121.8063 15.02533701 73899
STARLINK-31152          
1 58734U 24005G   25124.94316872  .00000379  00000+0  43099-4 0  9999
2 58734  43.0035  99.6454 0000572 229.7545 130.3248 15.02536086 73972
STARLINK-31152          
1 58734U 24005G   25125.40851499  .00000296  00000+0  36952-4 0  9998
2 58734  43.0035  97.1173 0000575 225.3006 134.7789 15.02534235 74041
STARLINK-31152          
1 58734U 24005G   25125.60794692  .00000320  00000+0  38774-4 0  9993
2 58734  43.0039  96.0341 0000510 236.3897 123.6896 15.02536940 74073
STARLINK-31152          
1 58734U 24005G   25126.40568073  .00000992  00000+0  88448-4 0  9992
2 58734  43.0041  91.6995 0000480 247.3430 112.7362 15.02535849 74190
STARLINK-31152          
1 58734U 24005G   25127.33637228  .00000281  00000+0  35847-4 0  9990
2 58734  43.0043  86.6423 0000542 241.4792 118.5996 15.02534818 74335
STARLINK-31152          
1 58734U 24005G   25128.33353920  .00000101  00000+0  22503-4 0  9991
2 58734  43.0046  81.2239 0000621 238.7977 121.2805 15.02536391 74480
STARLINK-31152          
1 58734U 24005G   25129.33070346  .00000782  00000+0  72971-4 0  9999
2 58734  43.0046  75.8054 0000778 227.2728 132.8049 15.02537599 74630
STARLINK-31152          
1 58734U 24005G   25130.52730846 -.00000047  00000+0  11578-4 0  9991
2 58734  43.0022  69.3065 0000714 230.9409 129.1370 15.02534036 74810
STARLINK-31152          
1 58734U 24005G   25131.52447852 -.00000430  00000+0 -16809-4 0  9993
2 58734  43.0045  63.8861 0000680 230.5376 129.5406 15.02533367 74965
STARLINK-31152          
1 58734U 24005G   25132.18925279  .00000708  00000+0  67497-4 0  9995
2 58734  43.0041  60.2730 0000799 234.7562 125.3206 15.02536066 75064
STARLINK-31152          
1 58734U 24005G   25132.52163630  .00001375  00000+0  11683-3 0  9994
2 58734  43.0049  58.4676 0000837 233.3474 126.7292 15.02541553 75113
STARLINK-31152          
1 58734U 24005G   25132.92050818  .00000603  00000+0  59690-4 0  9995
2 58734  43.0052  56.3006 0000873 230.2158 129.8607 15.02535584 75173
STARLINK-31152          
1 58734U 24005G   25133.11994661  .00000315  00000+0  38362-4 0  9993
2 58734  43.0056  55.2176 0000710 233.4637 126.6140 15.02529945 75205
STARLINK-31152          
1 58734U 24005G   25134.18358968 -.00000635  00000+0 -31964-4 0  9993
2 58734  43.0062  49.4385 0000775 237.5224 122.5543 15.02539088 75365
STARLINK-31152          
1 58734U 24005G   25134.44950234 -.00000838  00000+0 -46990-4 0  9996
2 58734  43.0063  47.9934 0000803 237.2123 122.8642 15.02537025 75403
STARLINK-31152          
1 58734U 24005G   25134.91484563  .00000160  00000+0  26905-4 0  9995
2 58734  43.0058  45.4643 0000872 241.4757 118.5997 15.02535247 75479
STARLINK-31152          
1 58734U 24005G   25136.11144733  .00000384  00000+0  43461-4 0  9995
2 58734  43.0046  38.9628 0000994 240.0696 120.0048 15.02535203 75655
STARLINK-31152          
1 58734U 24005G   25137.10861523  .00000232  00000+0  32219-4 0  9999
2 58734  43.0054  33.5435 0000912 251.4396 108.6347 15.02536264 75803
STARLINK-31152          
1 58734U 24005G   25137.70691306  .00000691  00000+0  66219-4 0  9991
2 58734  43.0050  30.2925 0001002 244.6133 115.4606 15.02537873 75891
STARLINK-31152          
1 58734U 24005G   25138.37169441  .00000267  00000+0  34804-4 0  9999
2 58734  43.0052  26.6809 0000984 250.0444 110.0292 15.02535814 75993
STARLINK-31152          
1 58734U 24005G   25139.36886672 -.00000366  00000+0 -12003-4 0  9990
2 58734  43.0050  21.2634 0000962 258.6743 101.3991 15.02532257 76145
STARLINK-31152          
1 58734U 24005G   25140.36603255  .00000269  00000+0  34998-4 0  9993
2 58734  43.0041  15.8455 0001021 257.1487 102.9241 15.02534984 76291
STARLINK-31152          
1 58734U 24005G   25140.96433028  .00000982  00000+0  87755-4 0  9999
2 58734  43.0039  12.5942 0001062 257.2188 102.8536 15.02536609 76389
STARLINK-31152          
1 58734U 24005G   25141.36319392  .00001234  00000+0  10640-3 0  9990
2 58734  43.0038  10.4269 0001075 256.8943 103.1779 15.02539714 76445
STARLINK-31152          
1 58734U 24005G   25142.02797620  .00000072  00000+0  20366-4 0  9994
2 58734  43.0035   6.8152 0001072 256.8707 103.2016 15.02536316 76548
STARLINK-31152          
1 58734U 24005G   25143.29105521 -.00000956  00000+0 -55709-4 0  9999
2 58734  43.0047 359.9517 0001835 259.5079 100.5557 15.02534980 76733
STARLINK-31152          
1 58734U 24005G   25143.88935760 -.00000188  00000+0  11279-5 0  9991
2 58734  43.0046 356.7009 0001556 270.2244  89.8420 15.02532558 76824
STARLINK-31152          
1 58734U 24005G   25144.62061027  .00000765  00000+0  71721-4 0  9997
2 58734  43.0068 352.7242 0001242 280.1306  79.9396 15.02536618 76939
STARLINK-31152          
1 58734U 24005G   25144.95300227  .00000306  00000+0  37767-4 0  9994
2 58734  43.0077 350.9181 0001282 279.8163  80.2535 15.02533783 76986
STARLINK-31152          
1 58734U 24005G   25145.81721175  .00000396  00000+0  44399-4 0  9997
2 58734  43.0051 346.2255 0001219 262.8235  97.2469 15.02536973 77114
STARLINK-31152          
1 58734U 24005G   25145.88368840  .00000050  00000+0  18780-4 0  9992
2 58734  43.0044 345.8639 0001220 262.7281  97.3422 15.02539846 77122
STARLINK-31152          
1 58734U 24005G   25147.87802485  .00000196  00000+0  29587-4 0  9999
2 58734  43.0044 335.0259 0001241 267.4736  92.5964 15.02535764 77427
STARLINK-31152          
1 58734U 24005G   25148.47632050  .00001135  00000+0  99048-4 0  9998
2 58734  43.0037 331.7761 0001274 266.0446  94.0250 15.02537762 77514
STARLINK-31152          
1 58734U 24005G   25148.80871871 -.00000014  00000+0  14012-4 0  9995
2 58734  43.0052 329.9695 0001236 268.0056  92.0645 15.02529631 77560
STARLINK-31152          
1 58734U 24005G   25149.20758490  .00000247  00000+0  33387-4 0  9994
2 58734  43.0049 327.8025 0001209 265.6992  94.3712 15.02531907 77628
STARLINK-31152          
1 58734U 24005G   25149.80588309 -.00000173  00000+0  22358-5 0  9996
2 58734  43.0050 324.5515 0001242 265.8394  94.2307 15.02538010 77714
STARLINK-31152          
1 58734U 24005G   25150.20474516  .00000414  00000+0  45709-4 0  9997
2 58734  43.0050 322.3842 0001244 265.6691  94.4009 15.02542379 77773
STARLINK-31152          
1 58734U 24005G   25150.80305432  .00000338  00000+0  40125-4 0  9995
2 58734  43.0040 319.1335 0001225 262.2640  97.8063 15.02528317 77862
STARLINK-31152          
1 58734U 24005G   25151.46783296 -.00000210  00000+0 -45631-6 0  9996
2 58734  43.0032 315.5224 0001258 264.7084  95.3615 15.02532963 77964
STARLINK-31152          
1 58734U 24005G   25152.13260749 -.00000080  00000+0  91641-5 0  9999
2 58734  43.0034 311.9098 0001248 261.4365  98.6336 15.02538786 78067
STARLINK-31152          
1 58734U 24005G   25152.46499452  .00000925  00000+0  83535-4 0  9999
2 58734  43.0035 310.1030 0001379 264.8387  95.2298 15.02537650 78116
STARLINK-31152          
1 58734U 24005G   25152.86385733  .00001434  00000+0  12118-3 0  9993
2 58734  43.0035 307.9353 0001861 259.9214 100.1418 15.02539105 78171
