STARLINK-32328          
1 62489U 25003C   25014.66667824 -.01110576  00000+0 -39995-2 0  9995
2 62489  43.0034 146.0992 0001823 290.2915 109.3604 15.90200798  2464
STARLINK-32328          
1 62489U 25003C   25014.91667824 -.01109673  00000+0 -41201-2 0  9992
2 62489  43.0037 144.5477 0002012 287.2706 105.0487 15.89604173  2503
STARLINK-32328          
1 62489U 25003C   25015.50001157 -.01152231  00000+0 -46244-2 0  9999
2 62489  43.0036 140.9378 0001628 284.0428 209.0526 15.88183715  2591
STARLINK-32328          
1 62489U 25003C   25015.58334491 -.01132833  00000+0 -45862-2 0  9998
2 62489  43.0035 140.4231 0001775 280.7226 329.3822 15.87962916  2610
STARLINK-32328          
1 62489U 25003C   25015.91667824 -.01185254  00000+0 -49213-2 0  9993
2 62489  43.0035 138.3620 0002045 284.1112  73.3955 15.87155850  2660
STARLINK-32328          
1 62489U 25003C   25016.58334491 -.01209264  00000+0 -54819-2 0  9994
2 62489  43.0032 134.2530 0001479 284.9433 284.3472 15.85436317  2774
STARLINK-32328          
1 62489U 25003C   25016.91667824 -.01215615  00000+0 -57478-2 0  9991
2 62489  43.0035 132.1993 0001812 281.2945  32.3275 15.84582657  2811
STARLINK-32328          
1 62489U 25003C   25016.91667824 -.01215615  00000+0 -57478-2 0  9991
2 62489  43.0035 132.1993 0001812 281.2945  32.3275 15.84582657  2822
STARLINK-32328          
1 62489U 25003C   25017.42927488 -.00578478  00000+0 -27031-2 0  9993
2 62489  43.0028 129.0478 0002558 298.4259  61.6356 15.83722223  2899
STARLINK-32328          
1 62489U 25003C   25017.42927488 -.00578478  00000+0 -27031-2 0  9993
2 62489  43.0028 129.0478 0002558 298.4259  61.6356 15.83722223  2901
STARLINK-32328          
1 62489U 25003C   25017.68166719 -.00466189  00000+0 -22089-2 0  9996
2 62489  43.0028 127.4997 0002411 330.9636  29.1102 15.83161900  2938
STARLINK-32328          
1 62489U 25003C   25017.68166719 -.00466189  00000+0 -22089-2 0  9996
2 62489  43.0028 127.4997 0002411 330.9636  29.1102 15.83161900  2949
STARLINK-32328          
1 62489U 25003C   25017.99698567  .00405617  00000+0  16885-2 0  9995
2 62489  43.0037 125.5662 0009215   7.0015 353.0985 15.83800146  2983
STARLINK-32328          
1 62489U 25003C   25018.50001157 -.01294931  00000+0 -75653-2 0  9992
2 62489  43.0023 122.4921 0001476 285.2093  59.4680 15.80312100  3063
STARLINK-32328          
1 62489U 25003C   25018.58334491 -.01278391  00000+0 -75402-2 0  9994
2 62489  43.0023 121.9831 0001545 295.3429 163.9718 15.80068033  3098
STARLINK-32328          
1 62489U 25003C   25018.91667824 -.01333283  00000+0 -80742-2 0  9995
2 62489  43.0022 119.9451 0001533 286.0335 271.1110 15.79165896  3149
STARLINK-32328          
1 62489U 25003C   25019.25001157 -.01270605  00000+0 -81599-2 0  9993
2 62489  43.0017 117.9122 0001524 277.5862  16.2955 15.78199528  3183
STARLINK-32328          
1 62489U 25003C   25019.58334491 -.01327000  00000+0 -87611-2 0  9992
2 62489  43.0012 115.8850 0001617 289.7688  99.7088 15.77254191  3255
STARLINK-32328          
1 62489U 25003C   25019.83334491 -.01329605  00000+0 -90637-2 0  9995
2 62489  43.0007 114.3625 0001634 288.9469  81.4643 15.76546832  3272
STARLINK-32328          
1 62489U 25003C   25019.91667824 -.01344388  00000+0 -92725-2 0  9998
2 62489  43.0007 113.8550 0001429 292.1847 191.7280 15.76316419  3304
STARLINK-32328          
1 62489U 25003C   25020.16668981 -.00355973  00000+0 -23885-2 0  9994
2 62489  43.0003 112.3359 0001342 279.6601 184.4553 15.75274526  3339
STARLINK-32328          
1 62489U 25003C   25020.50001157 -.01064268  00000+0 -76135-2 0  9999
2 62489  42.9999 110.3171 0000888 289.0294 267.4572 15.75314563  3382
STARLINK-32328          
1 62489U 25003C   25020.58334491 -.01207596  00000+0 -88155-2 0  9995
2 62489  43.0002 109.8115 0001146 286.0770  23.5328 15.75197492  3418
STARLINK-32328          
1 62489U 25003C   25020.83334491 -.01288641  00000+0 -95606-2 0  9992
2 62489  43.0003 108.2934 0001274 281.6222   7.0928 15.74558095  3430
STARLINK-32328          
1 62489U 25003C   25020.91667824 -.01317733  00000+0 -98939-2 0  9997
2 62489  43.0004 107.7877 0001417 284.8140 116.8022 15.74343884  3469
STARLINK-32328          
1 62489U 25003C   25021.50001157 -.01311966  00000+0 -10575-1 0  9995
2 62489  43.0001 104.2601 0001218 291.7482 178.2659 15.72702400  3546
STARLINK-32328          
1 62489U 25003C   25021.58334491 -.01279945  00000+0 -10400-1 0  9990
2 62489  43.0004 103.7565 0001159 287.6878 294.6784 15.72449792  3576
STARLINK-32328          
1 62489U 25003C   25021.91667824 -.01339801  00000+0 -11375-1 0  9996
2 62489  43.0004 101.7406 0001394 277.7327  33.3094 15.71550260  3628
STARLINK-32328          
1 62489U 25003C   25022.16667824 -.01278890  00000+0 -11148-1 0  9992
2 62489  43.0000 100.2330 0001230 269.9760  16.8531 15.70802097  3648
STARLINK-32328          
1 62489U 25003C   25022.50001157 -.01332002  00000+0 -12132-1 0  9991
2 62489  43.0000  98.2282 0001288 285.8734  87.6501 15.69877157  3696
STARLINK-32328          
1 62489U 25003C   25022.50001157 -.01332002  00000+0 -12132-1 0  9991
2 62489  43.0000  98.2282 0001288 285.8734  87.6501 15.69877157  3719
STARLINK-32328          
1 62489U 25003C   25023.16667824 -.01297093  00000+0 -12770-1 0  9991
2 62489  43.0002  94.2185 0001327 275.6973 267.8018 15.67934385  3805
STARLINK-32328          
1 62489U 25003C   25023.50001157 -.01336334  00000+0 -13730-1 0  9999
2 62489  43.0002  92.2220 0001339 281.2106 345.5240 15.66986096  3858
STARLINK-32328          
1 62489U 25003C   25023.58334491 -.01304414  00000+0 -13504-1 0  9990
2 62489  43.0006  91.7226 0001562 286.3235  91.0441 15.66726639  3894
STARLINK-32328          
1 62489U 25003C   25023.91667824 -.01397637  00000+0 -14870-1 0  9992
2 62489  43.0008  89.7238 0001457 281.8514 177.2944 15.65794585  3944
STARLINK-32328          
1 62489U 25003C   25024.16667824 -.01335023  00000+0 -14847-1 0  9995
2 62489  43.0005  88.2297 0001343 277.7847 151.9376 15.65036234  3956
STARLINK-32328          
1 62489U 25003C   25024.50001157 -.01371437  00000+0 -15619-1 0  9991
2 62489  43.0004  86.2417 0001179 289.6761 219.7727 15.64055374  4017
STARLINK-32328          
1 62489U 25003C   25024.58335648 -.01319822  00000+0 -15406-1 0  9998
2 62489  43.0006  85.7444 0001279 282.1478 337.1160 15.63794879  4056
STARLINK-32328          
1 62489U 25003C   25024.91667824 -.01403143  00000+0 -16811-1 0  9990
2 62489  43.0006  83.7545 0001484 274.2158  63.2266 15.62839705  4108
STARLINK-32328          
1 62489U 25003C   25025.16667824 -.01371729  00000+0 -16895-1 0  9994
2 62489  43.0003  82.2672 0001317 269.8990  35.4510 15.62078075  4118
STARLINK-32328          
1 62489U 25003C   25025.50001157 -.01378408  00000+0 -17663-1 0  9998
2 62489  43.0005  80.2879 0001355 284.7847  96.7253 15.61079343  4163
STARLINK-32328          
1 62489U 25003C   25025.58334491 -.01348117  00000+0 -17412-1 0  9992
2 62489  43.0006  79.7927 0001302 289.6097 200.7558 15.60815651  4214
STARLINK-32328          
1 62489U 25003C   25025.91668981 -.01416734  00000+0 -19097-1 0  9995
2 62489  43.0009  77.8118 0001251 272.2377 292.8465 15.59852817  4267
STARLINK-32328          
1 62489U 25003C   25026.16667824 -.01401703  00000+0 -19434-1 0  9993
2 62489  43.0007  76.3315 0001046 272.4379 257.7855 15.59091802  4277
STARLINK-32328          
1 62489U 25003C   25026.58334491 -.01359580  00000+0 -19730-1 0  9994
2 62489  43.0007  73.8676 0001444 281.8286  68.8941 15.57805138  4373
STARLINK-32328          
1 62489U 25003C   25026.83334491 -.01438581  00000+0 -21584-1 0  9991
2 62489  43.0008  72.3879 0001383 270.9615  43.1379 15.57091725  4370
STARLINK-32328          
1 62489U 25003C   25026.91668981 -.01412489  00000+0 -21366-1 0  9991
2 62489  43.0008  71.8955 0001371 275.6186 146.1972 15.56820263  4426
STARLINK-32328          
1 62489U 25003C   25027.58334491 -.01373103  00000+0 -22359-1 0  9993
2 62489  43.0003  67.9691 0001164 281.3785 278.7720 15.54765401  4538
STARLINK-32328          
1 62489U 25003C   25027.91667824 -.01417069  00000+0 -24028-1 0  9994
2 62489  43.0005  66.0061 0001276 265.8919   1.6222 15.53764579  4546
STARLINK-32328          
1 62489U 25003C   25028.00002315 -.01393141  00000+0 -23812-1 0  9997
2 62489  43.0001  65.5164 0001382 270.8075 103.4254 15.53493422  4606
STARLINK-32328          
1 62489U 25003C   25028.50002315 -.01353710  00000+0 -24415-1 0  9990
2 62489  43.0001  62.5859 0001222 278.5525  13.9542 15.51935707  4635
STARLINK-32328          
1 62489U 25003C   25028.50002315 -.01353710  00000+0 -24415-1 0  9990
2 62489  43.0001  62.5859 0001222 278.5525  13.9542 15.51935707  4680
STARLINK-32328          
1 62489U 25003C   25028.83335648 -.00198769  00000+0 -34549-2 0  9994
2 62489  43.0002  60.6310 0001259 269.0911  87.4119 15.50693165  4680
STARLINK-32328          
1 62489U 25003C   25028.91667824  .00012145  00000+0  21264-3 0  9999
2 62489  43.0002  60.1436 0001363 266.8753 195.3524 15.50563616  4742
STARLINK-32328          
1 62489U 25003C   25029.25001157 -.00044546  00000+0 -75750-3 0  9999
2 62489  42.9998  58.1968 0001246 265.5919 259.5482 15.50590737  4752
STARLINK-32328          
1 62489U 25003C   25029.58335648  .00070004  00000+0  11898-2 0  9998
2 62489  42.9999  56.2469 0001458 271.4888 316.6315 15.50546527  4853
STARLINK-32328          
1 62489U 25003C   25029.83336806 -.00044413  00000+0 -75486-3 0  9994
2 62489  43.0002  54.7827 0001557 262.4774 282.8871 15.50603107  4843
STARLINK-32328          
1 62489U 25003C   25029.91667824  .00006705  00000+0  12005-3 0  9998
2 62489  43.0000  54.2955 0001526 262.8519  28.1355 15.50570434  4906
STARLINK-32328          
1 62489U 25003C   25030.58334491  .00012437  00000+0  21746-3 0  9995
2 62489  43.0000  50.3984 0001534 276.6313 140.1679 15.50582468  5016
STARLINK-32328          
1 62489U 25003C   25030.83334491 -.00009313  00000+0 -15312-3 0  9996
2 62489  43.0002  48.9342 0001537 265.0264 108.9798 15.50578354  4998
STARLINK-32328          
1 62489U 25003C   25030.83334491 -.00009313  00000+0 -15312-3 0  9996
2 62489  43.0002  48.9342 0001537 265.0264 108.9798 15.50578354  5056
STARLINK-32328          
1 62489U 25003C   25031.58334491  .00027432  00000+0  47196-3 0  9994
2 62489  43.0000  44.5496 0001485 274.6859 330.8881 15.50568433  5173
STARLINK-32328          
1 62489U 25003C   25031.91667824  .00014569  00000+0  25385-3 0  9993
2 62489  43.0000  42.5985 0001447 263.5093  44.9970 15.50562418  5167
STARLINK-32328          
1 62489U 25003C   25032.37681129  .00001997  00000+0  39861-4 0  9994
2 62489  43.0020  39.9089 0001514 270.8589  89.2097 15.50580039  5240
STARLINK-32328          
1 62489U 25003C   25033.08537297  .00002990  00000+0  56756-4 0  9995
2 62489  43.0006  35.7650 0001373 271.3884  88.6819 15.50585548  5356
STARLINK-32328          
1 62489U 25003C   25033.40744969  .00000885  00000+0  20909-4 0  9999
2 62489  43.0005  33.8819 0001824 261.7481  98.3172 15.50578138  5401
STARLINK-32328          
1 62489U 25003C   25034.05160575 -.00000009  00000+0  56729-5 0  9995
2 62489  43.0009  30.1128 0001992 266.4926  93.5706 15.50569209  5500
STARLINK-32328          
1 62489U 25003C   25034.37378868 -.00033896  00000+0 -57718-3 0  9994
2 62489  42.9989  28.2322 0008285 313.5385  46.4786 15.50401099  5556
STARLINK-32328          
1 62489U 25003C   25034.83335648  .00084498  00000+0  14304-2 0  9999
2 62489  43.0008  25.5422 0001571 271.1725 137.7848 15.50583556  5629
STARLINK-32328          
1 62489U 25003C   25034.83335648  .00084498  00000+0  14304-2 0  9999
2 62489  43.0008  25.5422 0001571 271.1725 137.7848 15.50583556  5696
STARLINK-32328          
1 62489U 25003C   25035.01782906  .00005282  00000+0  95765-4 0  9999
2 62489  42.9987  24.4636 0002105 276.7112  83.3509 15.50586695  5653
STARLINK-32328          
1 62489U 25003C   25035.66197087  .00010589  00000+0  18589-3 0  9994
2 62489  43.0006  20.6950 0002137 272.6471  87.4144 15.50607795  5758
STARLINK-32328          
1 62489U 25003C   25036.37055027  .00004306  00000+0  79182-4 0  9997
2 62489  43.0011  16.5531 0001446 284.7539  75.3161 15.50576561  5867
STARLINK-32328          
1 62489U 25003C   25036.62819836 -.00014234  00000+0 -23695-3 0  9991
2 62489  42.9999  15.0467 0000538  28.6135 331.4755 15.50615325  5902
STARLINK-32328          
1 62489U 25003C   25037.40119297 -.00003559  00000+0 -54848-4 0  9995
2 62489  42.9989  10.5239 0001901  46.7304 313.3714 15.50584716  6029
STARLINK-32328          
1 62489U 25003C   25038.36927198 -.00220978  00000+0 -41339-2 0  9993
2 62489  42.9982   4.8913 0001313 290.7155  69.3563 15.48705150  6179
STARLINK-32328          
1 62489U 25003C   25039.58334491 -.01553144  00000+0 -37726-1 0  9995
2 62489  43.0007 357.8351 0001606 267.5116  19.1487 15.43388617  6358
STARLINK-32328          
1 62489U 25003C   25039.91668981 -.01505009  00000+0 -37839-1 0  9998
2 62489  43.0005 355.9093 0001548 263.0001  77.3108 15.42275011  5792
STARLINK-32328          
1 62489U 25003C   25040.16667824 -.00730188  00000+0 -18628-1 0  9994
2 62489  43.0003 354.4682 0001256 268.6563  20.9631 15.41195310  6448
STARLINK-32328          
1 62489U 25003C   25040.58335648  .00008102  00000+0  20110-3 0  9999
2 62489  43.0007 352.0640 0001557 256.0502 187.6700 15.40685208  6513
STARLINK-32328          
1 62489U 25003C   25040.91667824  .00102726  00000+0  24377-2 0  9995
2 62489  43.0004 350.1447 0001454 265.9345 228.7912 15.40647320  5956
STARLINK-32328          
1 62489U 25003C   25041.25002315 -.00062786  00000+0 -15076-2 0  9990
2 62489  43.0005 348.2258 0001610 287.1032 258.7401 15.40710179  6611
STARLINK-32328          
1 62489U 25003C   25041.58335648 -.00081873  00000+0 -19725-2 0  9997
2 62489  43.0007 346.3025 0001621 280.9502 315.8899 15.40718425  6066
STARLINK-32328          
1 62489U 25003C   25041.83334491  .00094367  00000+0  22438-2 0  9995
2 62489  43.0002 344.8629 0001519 272.2100 272.8498 15.40628250  6702
STARLINK-32328          
1 62489U 25003C   25041.91668981  .00094704  00000+0  22507-2 0  9990
2 62489  43.0002 344.3837 0001497 271.8008  16.0643 15.40641324  6117
STARLINK-32328          
1 62489U 25003C   25042.16668981  .00015475  00000+0  37710-3 0  9999
2 62489  43.0003 342.9449 0001545 281.4250 314.6727 15.40689114  6750
STARLINK-32328          
1 62489U 25003C   25042.58335648 -.00152533  00000+0 -37062-2 0  9994
2 62489  43.0006 340.5415 0001566 268.8679 121.0086 15.40791615  5710
STARLINK-32328          
1 62489U 25003C   25042.91667824  .00047874  00000+0  11472-2 0  9991
2 62489  43.0001 338.6229 0001349 259.8857 181.0023 15.40671737  5767
STARLINK-32328          
1 62489U 25003C   25043.16667824 -.00035510  00000+0 -84684-3 0  9991
2 62489  43.0003 337.1840 0001330 271.4417 117.7058 15.40697307  6917
STARLINK-32328          
1 62489U 25003C   25043.50001157 -.00014779  00000+0 -34697-3 0  9993
2 62489  43.0005 335.2609 0001520 273.6370 166.5107 15.40720283  6966
STARLINK-32328          
1 62489U 25003C   25043.58336806 -.00132760  00000+0 -32183-2 0  9991
2 62489  43.0005 334.7803 0001580 254.8728 288.1805 15.40774961  5877
STARLINK-32328          
1 62489U 25003C   25043.91668981  .00011179  00000+0  27450-3 0  9990
2 62489  43.0001 332.8619 0001582 248.2514 345.7963 15.40698438  5924
STARLINK-32328          
1 62489U 25003C   25044.00003472 -.00076129  00000+0 -18311-2 0  9992
2 62489  43.0000 332.3824 0001571 253.2563  83.6037 15.40737189  5943
STARLINK-32328          
1 62489U 25003C   25044.00003472 -.00076129  00000+0 -18311-2 0  9992
2 62489  43.0000 332.3824 0001571 253.2563  83.6037 15.40737189  7035
STARLINK-32328          
1 62489U 25003C   25044.78206151 -.00021754  00000+0 -51378-3 0  9991
2 62489  43.0022 327.8738 0001792 283.8056  76.2601 15.40768521  7166
STARLINK-32328          
1 62489U 25003C   25045.17104583 -.00015710  00000+0 -36892-3 0  9990
2 62489  43.0016 325.6332 0001614 293.9874  66.0814 15.40754019  7225
STARLINK-32328          
1 62489U 25003C   25045.49520788 -.00011942  00000+0 -27870-3 0  9993
2 62489  43.0008 323.7660 0001448 290.7971  69.2730 15.40737313  7272
STARLINK-32328          
1 62489U 25003C   25045.81941156  .00001206  00000+0  36123-4 0  9997
2 62489  42.9996 321.8975 0001694 260.5191  99.5474 15.40698489  7323
STARLINK-32328          
1 62489U 25003C   25046.46769917  .00000940  00000+0  29754-4 0  9998
2 62489  42.9978 318.1616 0001251 274.2296  85.8418 15.40699052  7425
STARLINK-32328          
1 62489U 25003C   25047.11599433 -.00000809  00000+0 -12103-4 0  9991
2 62489  42.9991 314.4265 0001415 262.5293  97.5402 15.40693106  7526
STARLINK-32328          
1 62489U 25003C   25048.02358843 -.00003185  00000+0 -68972-4 0  9995
2 62489  43.0011 309.1963 0001690 260.4120  99.6545 15.40712163  7669
STARLINK-32328          
1 62489U 25003C   25048.41256866  .00001040  00000+0  32159-4 0  9994
2 62489  43.0027 306.9552 0001649 277.2565  82.8104 15.40689749  7723
STARLINK-32328          
1 62489U 25003C   25049.06085196  .00001277  00000+0  37831-4 0  9996
2 62489  43.0016 303.2207 0001537 273.4965  86.5716 15.40698504  7826
STARLINK-32328          
1 62489U 25003C   25050.03328673  .00000663  00000+0  23129-4 0  9998
2 62489  43.0025 297.6191 0001480 271.0804  88.9882 15.40693798  7973
STARLINK-32328          
1 62489U 25003C   25050.94086764  .00003653  00000+0  94646-4 0  9994
2 62489  42.9997 292.3850 0001708 265.5216  94.5445 15.40707438  8113
STARLINK-32328          
1 62489U 25003C   25051.00572352 -.00000825  00000+0 -12503-4 0  9997
2 62489  42.9988 292.0127 0001935 281.3145  78.7493 15.40671371  8120
STARLINK-32328          
1 62489U 25003C   25052.04297459 -.00002087  00000+0 -42698-4 0  9994
2 62489  43.0012 286.0356 0001650 262.3294  97.7375 15.40699066  8283
STARLINK-32328          
1 62489U 25003C   25052.36713186 -.00003146  00000+0 -68114-4 0  9997
2 62489  42.9986 284.1712 0001114 333.2244  26.8555 15.40690830  8333
STARLINK-32328          
1 62489U 25003C   25053.01542081  .00001811  00000+0  50629-4 0  9991
2 62489  42.9963 280.4370 0000904 343.6895  16.3932 15.40677833  8432
STARLINK-32328          
1 62489U 25003C   25053.66367326  .00005581  00000+0  14072-3 0  9998
2 62489  43.0023 276.6957 0001515 266.1955  93.8729 15.40708893  8530
STARLINK-32328          
1 62489U 25003C   25053.98783397  .00002368  00000+0  63977-4 0  9992
2 62489  43.0059 274.8255 0001855 259.0683 100.9965 15.40687750  8581
STARLINK-32328          
1 62489U 25003C   25054.31197098  .00000334  00000+0  15282-4 0  9994
2 62489  43.0058 272.9601 0002504 261.2858  98.7715 15.40702753  8639
STARLINK-32328          
1 62489U 25003C   25054.89545361 -.00004693  00000+0 -10516-3 0  9995
2 62489  43.0011 269.6018 0002127 283.8032  76.2587 15.40690453  8729
STARLINK-32328          
1 62489U 25003C   25055.28441953 -.00003444  00000+0 -75240-4 0  9990
2 62489  43.0027 267.3602 0000838 282.4281  77.6482 15.40697434  8789
STARLINK-32328          
1 62489U 25003C   25055.60854315  .00002334  00000+0  63132-4 0  9998
2 62489  43.0009 265.4921 0001973 277.0197  83.0435 15.40700006  8834
STARLINK-32328          
1 62489U 25003C   25055.86786540  .00000135  00000+0  10526-4 0  9996
2 62489  43.0030 263.9992 0002830 281.9202  78.1337 15.40694982  8878
STARLINK-32328          
1 62489U 25003C   25055.93269164  .00000534  00000+0  20040-4 0  9997
2 62489  43.0010 263.6274 0001740 278.0556  82.0103 15.40698498  8886
STARLINK-32328          
1 62489U 25003C   25056.25682766  .00001504  00000+0  43263-4 0  9990
2 62489  43.0023 261.7581 0001692 281.1265  78.9402 15.40706772  8935
STARLINK-32328          
1 62489U 25003C   25056.84028869  .00003879  00000+0  10008-3 0  9990
2 62489  42.9975 258.3957 0000572 247.8565 112.2231 15.40694709  9025
STARLINK-32328          
1 62489U 25003C   25057.55339980 -.00000969  00000+0 -15930-4 0  9997
2 62489  42.9991 254.2881 0001214 270.8855  89.1863 15.40712679  9138
STARLINK-32328          
1 62489U 25003C   25057.81271876  .00001008  00000+0  31391-4 0  9997
2 62489  43.0030 252.7942 0002064 283.7898  76.2729 15.40698911  9173
STARLINK-32328          
1 62489U 25003C   25058.52583461  .00000484  00000+0  18848-4 0  9991
2 62489  43.0046 248.6871 0001479 262.9564  97.1124 15.40698819  9283
STARLINK-32328          
1 62489U 25003C   25058.78515281 -.00000304  00000+0 -83380-8 0  9994
2 62489  43.0012 247.1912 0001283 137.0620 223.0337 15.40695842  9328
STARLINK-32328          
1 62489U 25003C   25059.56308855  .00001702  00000+0  47997-4 0  9999
2 62489  43.0016 242.7075 0002192 268.9139  91.1467 15.40700704  9447
STARLINK-32328          
1 62489U 25003C   25060.53552666  .00001242  00000+0  36999-4 0  9998
2 62489  43.0055 237.1124 0001577 285.5542  74.5140 15.40694870  9597
STARLINK-32328          
1 62489U 25003C   25061.50795869 -.00004001  00000+0 -88517-4 0  9991
2 62489  43.0005 231.5080 0001146 287.5749  72.4982 15.40713827  9746
STARLINK-32328          
1 62489U 25003C   25061.76728600 -.00000670  00000+0 -87626-5 0  9997
2 62489  43.0040 230.0121 0002564 282.3492  77.7077 15.40681984  9783
STARLINK-32328          
1 62489U 25003C   25062.48077073 -.00051690  00000+0 -12550-2 0  9997
2 62489  42.9999 225.9047 0002211 224.4562 135.6117 15.40300140  9891
STARLINK-32328          
1 62489U 25003C   25062.74060648 -.00109440  00000+0 -27304-2 0  9996
2 62489  43.0002 224.4139 0002496 133.9332 226.1731 15.39798870  9930
STARLINK-32328          
1 62489U 25003C   25064.25002315 -.01497971  00000+0 -49823-1 0  9990
2 62489  42.9998 215.7711 0001425 274.7142 165.4881 15.33750549 10168
STARLINK-32328          
1 62489U 25003C   25064.58336806 -.01527869  00000+0 -52690-1 0  9997
2 62489  42.9993 213.8749 0001137 279.5853 202.6916 15.32684525  5947
STARLINK-32328          
1 62489U 25003C   25064.91668981 -.01475546  00000+0 -52498-1 0  9996
2 62489  42.9995 211.9791 0001228 283.6095 239.3183 15.31578930 10265
STARLINK-32328          
1 62489U 25003C   25065.58334491 -.01146781  00000+0 -43439-1 0  9997
2 62489  42.9991 208.1979 0001087 269.0111 331.3987 15.29288289 10365
STARLINK-32328          
1 62489U 25003C   25065.75003472 -.00271031  00000+0 -99038-2 0  9991
2 62489  42.9993 207.2545 0001201 265.1381 173.9882 15.28554709 10399
STARLINK-32328          
1 62489U 25003C   25065.75003472 -.00271031  00000+0 -99038-2 0  9991
2 62489  42.9993 207.2545 0001201 265.1381 173.9882 15.28554709  5764
STARLINK-32328          
1 62489U 25003C   25066.16668981  .00004051  00000+0  15291-3 0  9993
2 62489  42.9995 204.8955 0001369 256.2462 318.1666 15.28389035 10453
STARLINK-32328          
1 62489U 25003C   25066.58335648 -.00094143  00000+0 -33629-2 0  9997
2 62489  42.9991 202.5420 0001198 265.7188  83.9946 15.28463669 10523
STARLINK-32328          
1 62489U 25003C   25066.91668981  .00050014  00000+0  17709-2 0  9991
2 62489  42.9993 200.6561 0001356 279.5166 106.4782 15.28381149 10571
STARLINK-32328          
1 62489U 25003C   25066.91668981  .00050014  00000+0  17709-2 0  9991
2 62489  42.9993 200.6561 0001356 279.5166 106.4782 15.28381149  5946
STARLINK-32328          
1 62489U 25003C   25067.25002315  .00066326  00000+0  23396-2 0  9994
2 62489  42.9993 198.7695 0001325 269.0624 153.1700 15.28390061  5863
STARLINK-32328          
1 62489U 25003C   25067.58334491 -.00103967  00000+0 -37175-2 0  9998
2 62489  42.9992 196.8876 0001186 273.6012 184.8119 15.28483006 10671
STARLINK-32328          
1 62489U 25003C   25067.91668981  .00038213  00000+0  13568-2 0  9998
2 62489  42.9996 195.0012 0001401 271.2490 223.5345 15.28395346 10729
STARLINK-32328          
1 62489U 25003C   25068.58335648 -.00228397  00000+0 -82987-2 0  9990
2 62489  42.9995 191.2327 0001319 280.6868 286.6311 15.28547871  5972
STARLINK-32328          
1 62489U 25003C   25068.75002315 -.00071126  00000+0 -25344-2 0  9991
2 62489  42.9999 190.2902 0001467 291.6499 113.8639 15.28413808 10859
STARLINK-32328          
1 62489U 25003C   25068.91668981  .00023995  00000+0  85780-3 0  9996
2 62489  43.0000 189.3461 0001565 291.0120 312.6305 15.28367646  5959
STARLINK-32328          
1 62489U 25003C   25069.00002315 -.00055514  00000+0 -19724-2 0  9998
2 62489  43.0001 188.8742 0001569 289.1658  53.5177 15.28405053 10896
STARLINK-32328          
1 62489U 25003C   25069.00002315 -.00055514  00000+0 -19724-2 0  9998
2 62489  43.0001 188.8742 0001569 289.1658  53.5177 15.28405053  5968
STARLINK-32328          
1 62489U 25003C   25070.57160307 -.00000865  00000+0 -21264-4 0  9991
2 62489  43.0014 179.9858 0001425 266.3756  93.6933 15.28439837 11136
STARLINK-32328          
1 62489U 25003C   25070.70229676  .00000122  00000+0  13681-4 0  9999
2 62489  43.0018 179.2477 0001080 278.0624  82.0105 15.28447050 11152
STARLINK-32328          
1 62489U 25003C   25071.22511897  .00001830  00000+0  74167-4 0  9999
2 62489  42.9992 176.2927 0000219 317.4957  42.5878 15.28414317 11235
STARLINK-32328          
1 62489U 25003C   25071.35581983  .00006112  00000+0  22581-3 0  9996
2 62489  43.0012 175.5523 0001093 268.5563  91.5164 15.28395039 11257
STARLINK-32328          
1 62489U 25003C   25071.55186031  .00006923  00000+0  25442-3 0  9992
2 62489  42.9984 174.4397 0001018 246.2783 113.7962 15.28409375 11289
STARLINK-32328          
1 62489U 25003C   25071.61720403  .00008265  00000+0  30177-3 0  9998
2 62489  43.0021 174.0743 0001231 265.0978  94.9734 15.28417679 11290
STARLINK-32328          
1 62489U 25003C   25071.74789542  .00009372  00000+0  34079-3 0  9996
2 62489  43.0028 173.3354 0001197 273.8214  86.2501 15.28429440 11316
STARLINK-32328          
1 62489U 25003C   25072.20537781  .00001226  00000+0  52806-4 0  9993
2 62489  43.0021 170.7503 0001370 279.9656  80.1042 15.28410788 11381
STARLINK-32328          
1 62489U 25003C   25072.59752161 -.00007971  00000+0 -27361-3 0  9998
2 62489  43.0012 168.5332 0001004 266.8436  93.2301 15.28379157 11445
STARLINK-32328          
1 62489U 25003C   25072.72822126 -.00007235  00000+0 -24742-3 0  9995
2 62489  43.0016 167.7946 0001024 276.6641  83.4095 15.28382493 11460
STARLINK-32328          
1 62489U 25003C   25073.25102404 -.00003012  00000+0 -97471-4 0  9993
2 62489  43.0030 164.8368 0001408 255.9008 104.1687 15.28380535 11547
STARLINK-32328          
1 62489U 25003C   25073.57775267 -.00000277  00000+0 -44742-6 0  9996
2 62489  43.0009 162.9898 0001149 264.5642  95.5079 15.28416598 11594
STARLINK-32328          
1 62489U 25003C   25073.64310081 -.00000312  00000+0 -16892-5 0  9997
2 62489  43.0000 162.6178 0001105 239.0222 121.0521 15.28418303 11601
STARLINK-32328          
1 62489U 25003C   25074.55799408  .00002552  00000+0  99696-4 0  9990
2 62489  43.0015 157.4458 0001432 231.8976 128.1747 15.28431679 11743
STARLINK-32328          
1 62489U 25003C   25074.68868889  .00003544  00000+0  13476-3 0  9997
2 62489  43.0012 156.7048 0001582 227.7115 132.3603 15.28435786 11765
STARLINK-32328          
1 62489U 25003C   25075.08082410  .00006379  00000+0  23532-3 0  9993
2 62489  43.0018 154.4901 0001044 258.7755 101.2979 15.28390713 11829
STARLINK-32328          
1 62489U 25003C   25075.53826565  .00002743  00000+0  10647-3 0  9994
2 62489  43.0009 151.9023 0000956 268.4933  91.5810 15.28424662 11896
STARLINK-32328          
1 62489U 25003C   25075.60361510  .00002942  00000+0  11349-3 0  9997
2 62489  43.0008 151.5325 0000919 265.3907  94.6840 15.28425236 11909
STARLINK-32328          
1 62489U 25003C   25075.93036794 -.00001374  00000+0 -39287-4 0  9998
2 62489  43.0019 149.6857 0001233 277.3809  82.6902 15.28430684 11957
STARLINK-32328          
1 62489U 25003C   25076.19178003 -.00000941  00000+0 -23961-4 0  9998
2 62489  43.0018 148.2077 0001233 255.1202 104.9513 15.28416017 11990
STARLINK-32328          
1 62489U 25003C   25076.51851599  .00000790  00000+0  37318-4 0  9993
2 62489  43.0009 146.3590 0001240 250.8316 109.2402 15.28434982 12048
STARLINK-32328          
1 62489U 25003C   25076.58386623  .00000981  00000+0  44075-4 0  9991
2 62489  43.0012 145.9904 0001114 258.9751 101.0976 15.28435126 12056
STARLINK-32328          
1 62489U 25003C   25076.91062038 -.00002171  00000+0 -67513-4 0  9996
2 62489  43.0027 144.1424 0001438 261.9101  98.1588 15.28435392 12108
STARLINK-32328          
1 62489U 25003C   25077.23738567 -.00000164  00000+0  35608-5 0  9999
2 62489  43.0016 142.2943 0001007 254.2224 105.8516 15.28413158 12152
STARLINK-32328          
1 62489U 25003C   25078.21764642  .00001609  00000+0  66368-4 0  9991
2 62489  43.0014 136.7520 0001979 290.4968  69.5671 15.28406593 12304
STARLINK-32328          
1 62489U 25003C   25079.19853480 -.00058549  00000+0 -21156-2 0  9999
2 62489  43.0020 131.2126 0001385 245.4512 114.6196 15.27877521 12451
STARLINK-32328          
1 62489U 25003C   25079.46001494 -.00057369  00000+0 -20729-2 0  9993
2 62489  43.0016 129.7367 0002224 292.0358  68.0257 15.27868121 12494
STARLINK-32328          
1 62489U 25003C   25080.50606413 -.00045304  00000+0 -16372-2 0  9997
2 62489  43.0026 123.8266 0002021 283.8412  76.2215 15.27770887 12656
STARLINK-32328          
1 62489U 25003C   25080.83304507  .00004155  00000+0  16060-3 0  9994
2 62489  43.0028 121.9807 0001982 251.7146 108.3490 15.27545857 12706
STARLINK-32328          
1 62489U 25003C   25081.25001157 -.00151872  00000+0 -56008-2 0  9992
2 62489  43.0018 119.6268 0001611 262.8326 232.9774 15.27710341 12769
STARLINK-32328          
1 62489U 25003C   25081.48687113  .00007900  00000+0  29615-3 0  9994
2 62489  43.0010 118.2874 0001134 255.5487 104.5239 15.27596402 12801
STARLINK-32328          
1 62489U 25003C   25081.91667824  .00065442  00000+0  23680-2 0  9999
2 62489  43.0022 115.8593 0001666 275.1494 291.2553 15.27560543 12867
STARLINK-32328          
1 62489U 25003C   25082.25002315 -.00096999  00000+0 -35544-2 0  9990
2 62489  43.0021 113.9792 0001409 272.4536 329.2420 15.27646834 12917
STARLINK-32328          
1 62489U 25003C   25082.25002315 -.00096999  00000+0 -35544-2 0  9990
2 62489  43.0021 113.9792 0001409 272.4536 329.2420 15.27646834  5953
STARLINK-32328          
1 62489U 25003C   25082.79462121  .00001879  00000+0  77818-4 0  9997
2 62489  43.0015 110.8985 0002311 245.9886 114.0723 15.27568042 13007
STARLINK-32328          
1 62489U 25003C   25083.05616788 -.00003332  00000+0 -11159-3 0  9990
2 62489  43.0006 109.4217 0000915 230.0233 130.0539 15.27588906 13046
STARLINK-32328          
1 62489U 25003C   25083.38309629 -.00004433  00000+0 -15158-3 0  9995
2 62489  43.0000 107.5751 0001486 270.5497  89.5184 15.27593281 13098
STARLINK-32328          
1 62489U 25003C   25083.77541425 -.00002412  00000+0 -78160-4 0  9998
2 62489  43.0038 105.3605 0000783 268.6856  91.3906 15.27586280 13150
STARLINK-32328          
1 62489U 25003C   25084.03695933  .00000717  00000+0  35592-4 0  9998
2 62489  43.0039 103.8837 0001270 264.6563  95.4144 15.27575879 13199
STARLINK-32328          
1 62489U 25003C   25085.08314592  .00001619  00000+0  68379-4 0  9994
2 62489  43.0031  97.9761 0000768 273.3064  86.7700 15.27564497 13357
STARLINK-32328          
1 62489U 25003C   25085.41007391  .00000917  00000+0  42831-4 0  9992
2 62489  43.0032  96.1289 0000813 263.2012  96.8747 15.27575218 13408
STARLINK-32328          
1 62489U 25003C   25085.73700676  .00000021  00000+0  10294-4 0  9997
2 62489  43.0020  94.2828 0001303 256.5011 103.5695 15.27574138 13455
STARLINK-32328          
1 62489U 25003C   25086.06393470 -.00000477  00000+0 -78248-5 0  9995
2 62489  43.0015  92.4359 0000703 277.1500  82.9272 15.27585115 13507
STARLINK-32328          
1 62489U 25003C   25087.04473673  .00000905  00000+0  42404-4 0  9996
2 62489  43.0020  86.8970 0000442 270.0391  90.0410 15.27570241 13653
STARLINK-32328          
1 62489U 25003C   25087.69860068  .00000342  00000+0  21945-4 0  9997
2 62489  43.0036  83.2058 0000985 268.1107  91.9631 15.27573223 13752
STARLINK-32328          
1 62489U 25003C   25088.02553296  .00000266  00000+0  19204-4 0  9997
2 62489  43.0040  81.3592 0000915 266.6007  93.4740 15.27574445 13805
STARLINK-32328          
1 62489U 25003C   25088.67938876  .00000988  00000+0  45409-4 0  9996
2 62489  43.0034  77.6644 0001090 261.0617  99.0111 15.27583252 13906
STARLINK-32328          
1 62489U 25003C   25089.00633655 -.00000970  00000+0 -25759-4 0  9990
2 62489  43.0025  75.8194 0001052 258.2771 101.7962 15.27564262 13953
STARLINK-32328          
1 62489U 25003C   25089.66019855 -.00001130  00000+0 -31555-4 0  9992
2 62489  42.9975  72.1265 0000380 241.6288 118.4526 15.27575610 14058
STARLINK-32328          
1 62489U 25003C   25090.64098296  .00002680  00000+0  10689-3 0  9991
2 62489  43.0062  66.5885 0001069 279.7448  80.3283 15.27573018 14201
STARLINK-32328          
1 62489U 25003C   25091.29485135 -.00000097  00000+0  60076-5 0  9993
2 62489  43.0062  62.8958 0000924 278.5554  81.5193 15.27577040 14308
STARLINK-32328          
1 62489U 25003C   25091.62178735 -.00004439  00000+0 -15184-3 0  9998
2 62489  43.0054  61.0495 0000770 290.8503  69.2266 15.27590086 14350
STARLINK-32328          
1 62489U 25003C   25092.21026286 -.00000576  00000+0 -11428-4 0  9993
2 62489  43.0058  57.7258 0000713 294.6741  65.4037 15.27577324 14440
STARLINK-32328          
1 62489U 25003C   25092.60257383  .00000460  00000+0  26218-4 0  9993
2 62489  43.0059  55.5104 0000971 286.9498  73.1247 15.27584280 14501
STARLINK-32328          
1 62489U 25003C   25093.25642454  .00003048  00000+0  12019-3 0  9990
2 62489  43.0041  51.8175 0000915 285.1955  74.8795 15.27590952 14606
STARLINK-32328          
1 62489U 25003C   25094.23724984 -.00009942  00000+0 -35198-3 0  9992
2 62489  43.0115  46.2775 0002148 316.3894  43.6788 15.27599662 14750
STARLINK-32328          
1 62489U 25003C   25094.56417489 -.00000825  00000+0 -20468-4 0  9993
2 62489  43.0045  44.4332 0001050 268.1136  91.9595 15.27578733 14809
STARLINK-32328          
1 62489U 25003C   25095.21800778  .00005980  00000+0  22654-3 0  9996
2 62489  43.0050  40.7396 0000487 261.8152  98.2644 15.27595843 14902
STARLINK-32328          
1 62489U 25003C   25095.87189219  .00000753  00000+0  36890-4 0  9999
2 62489  43.0042  37.0461 0000591 229.1425 130.9375 15.27582486 15007
STARLINK-32328          
1 62489U 25003C   25096.19881375  .00001577  00000+0  66799-4 0  9993
2 62489  43.0062  35.2008 0001677 266.4530  93.6130 15.27591847 15053
STARLINK-32328          
1 62489U 25003C   25096.52576358 -.00000371  00000+0 -39796-5 0  9993
2 62489  43.0004  33.3573 0000281 331.8572  28.2264 15.27574663 15103
STARLINK-32328          
1 62489U 25003C   25096.85273876 -.00008586  00000+0 -30329-3 0  9995
2 62489  42.9983  31.5089 0000701 295.8047  64.2732 15.27533094 15150
STARLINK-32328          
1 62489U 25003C   25097.17967375 -.00008738  00000+0 -30876-3 0  9991
2 62489  42.9991  29.6647 0000592 267.3994  92.6790 15.27540407 15201
STARLINK-32328          
1 62489U 25003C   25097.50657143 -.00000149  00000+0  41046-5 0  9997
2 62489  43.0044  27.8157 0001081 275.5136  84.5592 15.27572380 15251
STARLINK-32328          
1 62489U 25003C   25098.16041305  .00002290  00000+0  92670-4 0  9993
2 62489  43.0052  24.1231 0001257 291.9755  68.0963 15.27598187 15350
STARLINK-32328          
1 62489U 25003C   25099.20660218  .00007030  00000+0  26478-3 0  9998
2 62489  42.9998  18.2170 0000488 258.4935 101.5862 15.27574082 15513
STARLINK-32328          
1 62489U 25003C   25099.46814463  .00001584  00000+0  67058-4 0  9997
2 62489  43.0023  16.7409 0000860   2.4245 357.6611 15.27593927 15556
STARLINK-32328          
1 62489U 25003C   25100.44895912 -.00004876  00000+0 -16786-3 0  9996
2 62489  43.0013  11.1991 0000656 298.9931  61.0855 15.27565477 15709
STARLINK-32328          
1 62489U 25003C   25101.10281181 -.00002192  00000+0 -70158-4 0  9990
2 62489  43.0018   7.5058 0001165 281.0603  79.0117 15.27574047 15806
STARLINK-32328          
1 62489U 25003C   25101.42976373 -.00005708  00000+0 -19820-3 0  9993
2 62489  43.0024   5.6616 0001333 266.9881  93.0819 15.27554828 15854
STARLINK-32328          
1 62489U 25003C   25102.08360236  .00005182  00000+0  19773-3 0  9992
2 62489  43.0022   1.9670 0000785 283.7660  76.3105 15.27573940 15952
STARLINK-32328          
1 62489U 25003C   25102.41054350  .00002990  00000+0  11817-3 0  9991
2 62489  43.0077   0.1200 0000899 311.6181  48.4594 15.27568031 16001
STARLINK-32328          
1 62489U 25003C   25103.06438485  .00007663  00000+0  28764-3 0  9999
2 62489  43.0055 356.4289 0001932 278.7490  81.3143 15.27587939 16101
STARLINK-32328          
1 62489U 25003C   25103.39134768  .00002836  00000+0  11263-3 0  9995
2 62489  43.0036 354.5823 0001875 272.6260  87.4377 15.27556530 16151
STARLINK-32328          
1 62489U 25003C   25104.37215533 -.00001891  00000+0 -59223-4 0  9995
2 62489  43.0042 349.0444 0001164  56.6680 303.4283 15.27580295 16302
STARLINK-32328          
1 62489U 25003C   25104.96061876 -.00001915  00000+0 -60073-4 0  9991
2 62489  43.0082 345.7194 0001372 296.6978  63.3734 15.27590062 16393
STARLINK-32328          
1 62489U 25003C   25105.35293088 -.00002652  00000+0 -86830-4 0  9995
2 62489  43.0037 343.5054 0001456 275.6589  84.4097 15.27596349 16459
STARLINK-32328          
1 62489U 25003C   25105.67987480  .00001054  00000+0  47849-4 0  9996
2 62489  42.9997 341.6581 0001525 279.2387  80.8292 15.27567851 16508
STARLINK-32328          
1 62489U 25003C   25105.94142107 -.00000207  00000+0  19977-5 0  9997
2 62489  43.0007 340.1827 0001442 283.5013  76.5678 15.27575275 16544
STARLINK-32328          
1 62489U 25003C   25106.00679458  .00001474  00000+0  63076-4 0  9993
2 62489  43.0044 339.8121 0001441 263.5533  96.5154 15.27588462 16555
STARLINK-32328          
1 62489U 25003C   25106.33373082  .00000365  00000+0  22770-4 0  9997
2 62489  43.0031 337.9655 0001210 232.4849 127.5893 15.27584278 16603
STARLINK-32328          
1 62489U 25003C   25106.98758639  .00005842  00000+0  22175-3 0  9996
2 62489  43.0013 334.2694 0001270 257.7308 102.3401 15.27566125 16700
STARLINK-32328          
1 62489U 25003C   25107.96841727 -.00002799  00000+0 -92260-4 0  9999
2 62489  43.0025 328.7345 0001650  32.8488 327.2466 15.27565904 16856
STARLINK-32328          
1 62489U 25003C   25108.94918943  .00000362  00000+0  22675-4 0  9998
2 62489  43.0013 323.1944 0001464 250.3653 109.7041 15.27578170 17000
STARLINK-32328          
1 62489U 25003C   25109.92998895  .00000228  00000+0  17807-4 0  9993
2 62489  42.9995 317.6568 0000631 278.0569  82.0211 15.27578268 17151
STARLINK-32328          
1 62489U 25003C   25110.58385177  .00000519  00000+0  28383-4 0  9994
2 62489  43.0008 313.9647 0000609 286.4119  73.6666 15.27580047 17253
STARLINK-32328          
1 62489U 25003C   25110.91078640 -.00000007  00000+0  92706-5 0  9999
2 62489  42.9992 312.1162 0000585 283.5027  76.5759 15.27580527 17309
STARLINK-32328          
1 62489U 25003C   25110.97617241  .00000002  00000+0  95705-5 0  9997
2 62489  42.9991 311.7466 0000570 277.4594  82.6193 15.27580665 17319
STARLINK-32328          
1 62489U 25003C   25112.54544489 -.00000072  00000+0  69074-5 0  9993
2 62489  42.9992 302.8834 0000718 261.8298  98.2472 15.27577498 17551
STARLINK-32328          
1 62489U 25003C   25113.78778564  .00001028  00000+0  46888-4 0  9991
2 62489  42.9995 295.8665 0001651 276.5644  83.5020 15.27577765 17746
STARLINK-32328          
1 62489U 25003C   25114.57241950  .00002003  00000+0  82285-4 0  9998
2 62489  43.0050 291.4413 0001028 246.5530 113.5214 15.27580181 17860
STARLINK-32328          
1 62489U 25003C   25115.16087823  .00004151  00000+0  16022-3 0  9992
2 62489  43.0002 288.1138 0001883 287.9810  72.0837 15.27595106 17956
STARLINK-32328          
1 62489U 25003C   25115.55322602 -.00001095  00000+0 -30279-4 0  9999
2 62489  43.0060 285.9032 0000731 241.6075 118.4704 15.27569152 18017
STARLINK-32328          
1 62489U 25003C   25115.81476026  .00000321  00000+0  21194-4 0  9993
2 62489  43.0038 284.4231 0000730 226.7470 133.3321 15.27583492 18057
STARLINK-32328          
1 62489U 25003C   25116.46862995 -.00002427  00000+0 -78687-4 0  9999
2 62489  42.9998 280.7274 0001062 271.3186  88.7544 15.27583734 18155
STARLINK-32328          
1 62489U 25003C   25117.77635608  .00001130  00000+0  50582-4 0  9995
2 62489  43.0007 273.3465 0000740 275.9996  84.0771 15.27573863 18354
STARLINK-32328          
1 62489U 25003C   25117.90712707  .00001154  00000+0  51450-4 0  9997
2 62489  42.9995 272.6018 0000990   8.6091 351.4777 15.27582414 18379
STARLINK-32328          
1 62489U 25003C   25118.82252370  .00002671  00000+0  10651-3 0  9996
2 62489  43.0010 267.4376 0000903 276.2064  83.8685 15.27594203 18514
STARLINK-32328          
1 62489U 25003C   25120.45720792 -.00000700  00000+0 -15938-4 0  9993
2 62489  43.0027 258.2057 0001014 263.4606  96.6130 15.27571964 18763
STARLINK-32328          
1 62489U 25003C   25122.41878373  .00000007  00000+0  97829-5 0  9998
2 62489  43.0022 247.1275 0001036 262.9931  97.0803 15.27587459 19068
STARLINK-32328          
1 62489U 25003C   25122.61493556  .00001938  00000+0  79878-4 0  9993
2 62489  43.0018 246.0177 0000135 223.1723 136.9118 15.27599845 19096
STARLINK-32328          
1 62489U 25003C   25123.33420270 -.00000396  00000+0 -48638-5 0  9996
2 62489  43.0020 241.9568 0002496 285.8221  74.2356 15.27577107 19205
STARLINK-32328          
1 62489U 25003C   25123.72652490 -.00000984  00000+0 -26252-4 0  9990
2 62489  43.0025 239.7429 0001147 265.9510  94.1210 15.27580504 19264
STARLINK-32328          
1 62489U 25003C   25124.38040451 -.00004110  00000+0 -13997-3 0  9997
2 62489  43.0024 236.0487 0001034 249.7094 110.3646 15.27570737 19361
STARLINK-32328          
1 62489U 25003C   25124.64194438 -.00002745  00000+0 -90271-4 0  9994
2 62489  43.0040 234.5730 0001225 263.5980  96.4733 15.27578139 19403
STARLINK-32328          
1 62489U 25003C   25125.55734308  .00001286  00000+0  56240-4 0  9996
2 62489  43.0040 229.4024 0001881 255.2884 104.7760 15.27580111 19542
STARLINK-32328          
1 62489U 25003C   25126.53814269  .00002549  00000+0  10213-3 0  9992
2 62489  43.0035 223.8646 0001495 264.4825  95.5857 15.27583763 19698
STARLINK-32328          
1 62489U 25003C   25127.25739931  .00000507  00000+0  27957-4 0  9990
2 62489  43.0036 219.8038 0001333 254.7699 105.3005 15.27575439 19800
STARLINK-32328          
1 62489U 25003C   25127.32278585  .00000491  00000+0  27372-4 0  9994
2 62489  43.0040 219.4348 0001299 254.4230 105.6479 15.27575518 19811
STARLINK-32328          
1 62489U 25003C   25128.30358716 -.00001194  00000+0 -33863-4 0  9993
2 62489  43.0042 213.8973 0001616 281.6348  78.4322 15.27579940 19963
STARLINK-32328          
1 62489U 25003C   25128.49974516 -.00000510  00000+0 -90009-5 0  9992
2 62489  43.0041 212.7887 0001594 277.8667  82.2004 15.27578159 19994
STARLINK-32328          
1 62489U 25003C   25129.28437324  .00001784  00000+0  74356-4 0  9999
2 62489  43.0032 208.3574 0002115 295.3478  64.7155 15.27581829 20119
STARLINK-32328          
1 62489U 25003C   25130.19978869 -.00000159  00000+0  37556-5 0  9993
2 62489  43.0049 203.1886 0002710 290.6834  69.3727 15.27577886 20250
STARLINK-32328          
1 62489U 25003C   25130.46132695  .00000414  00000+0  24553-4 0  9997
2 62489  42.9996 201.7047 0001064 235.0867 124.9885 15.27582990 20291
STARLINK-32328          
1 62489U 25003C   25131.24597245 -.00001530  00000+0 -46079-4 0  9999
2 62489  42.9992 197.2723 0001370 189.8344 170.2481 15.27573937 20414
STARLINK-32328          
1 62489U 25003C   25132.42292577  .00000855  00000+0  40600-4 0  9991
2 62489  43.0019 190.6281 0001506 200.1048 159.9745 15.27573964 20597
STARLINK-32328          
1 62489U 25003C   25132.88063030  .00001364  00000+0  59075-4 0  9993
2 62489  43.0001 188.0422 0001245 219.9338 140.1423 15.27573140 20665
STARLINK-32328          
1 62489U 25003C   25133.20756187  .00001269  00000+0  55618-4 0  9995
2 62489  43.0031 186.1991 0001101 246.5609 113.5127 15.27576770 20719
STARLINK-32328          
1 62489U 25003C   25134.12296952  .00000191  00000+0  16451-4 0  9991
2 62489  43.0019 181.0285 0001110 249.8511 110.2221 15.27582937 20859
STARLINK-32328          
1 62489U 25003C   25134.44990009  .00000150  00000+0  14990-4 0  9991
2 62489  43.0025 179.1827 0001142 250.2879 109.7849 15.27583137 20902
STARLINK-32328          
1 62489U 25003C   25135.16914963  .00000178  00000+0  15984-4 0  9990
2 62489  43.0020 175.1198 0001143 247.3931 112.6799 15.27580775 21016
STARLINK-32328          
1 62489U 25003C   25136.14995086 -.00000499  00000+0 -86122-5 0  9995
2 62489  43.0024 169.5826 0001485 277.6213  82.4470 15.27574724 21166
STARLINK-32328          
1 62489U 25003C   25136.41149680 -.00000500  00000+0 -86481-5 0  9997
2 62489  43.0029 168.1060 0001380 273.3878  86.6816 15.27574633 21204
STARLINK-32328          
1 62489U 25003C   25137.45767139  .00001299  00000+0  56733-4 0  9997
2 62489  43.0044 162.1989 0001287 269.9708  90.0996 15.27580945 21362
STARLINK-32328          
1 62489U 25003C   25138.43846986  .00000487  00000+0  27235-4 0  9997
2 62489  43.0050 156.6595 0001114 278.1366  81.9359 15.27579724 21513
STARLINK-32328          
1 62489U 25003C   25138.76540633 -.00000187  00000+0  27416-5 0  9993
2 62489  43.0048 154.8130 0001025 278.5264  81.5471 15.27575250 21563
STARLINK-32328          
1 62489U 25003C   25139.41927733  .00001208  00000+0  53448-4 0  9993
2 62489  43.0046 151.1210 0000936 277.2992  82.7753 15.27561675 21667
STARLINK-32328          
1 62489U 25003C   25139.74620627 -.00000570  00000+0 -11214-4 0  9999
2 62489  43.0047 149.2745 0000957 283.6029  76.4716 15.27572926 21710
STARLINK-32328          
1 62489U 25003C   25140.40006561  .00000421  00000+0  24823-4 0  9992
2 62489  43.0034 145.5812 0001086 270.0568  90.0159 15.27576568 21812
STARLINK-32328          
1 62489U 25003C   25140.72700086  .00000350  00000+0  22252-4 0  9995
2 62489  43.0036 143.7350 0001114 271.8910  88.1814 15.27571691 21866
STARLINK-32328          
1 62489U 25003C   25141.05393248  .00000708  00000+0  35247-4 0  9995
2 62489  43.0034 141.8885 0001136 273.6679  86.4043 15.27572503 21916
STARLINK-32328          
1 62489U 25003C   25141.70778350  .00001345  00000+0  58390-4 0  9990
2 62489  43.0021 138.1947 0000931 268.1607  91.9138 15.27588446 22013
STARLINK-32328          
1 62489U 25003C   25142.03473396 -.00001502  00000+0 -45087-4 0  9995
2 62489  43.0022 136.3485 0001034 263.1336  96.9398 15.27566270 22069
STARLINK-32328          
1 62489U 25003C   25142.36166903 -.00001746  00000+0 -53962-4 0  9995
2 62489  43.0028 134.5026 0001080 265.3820  94.6908 15.27565384 22112
STARLINK-32328          
1 62489U 25003C   25143.01552495 -.00005767  00000+0 -20012-3 0  9999
2 62489  43.0040 130.8103 0000654 272.3661  87.7116 15.27597310 22217
STARLINK-32328          
1 62489U 25003C   25143.34245674 -.00001722  00000+0 -53062-4 0  9992
2 62489  43.0037 128.9635 0000935 215.5902 144.4888 15.27582021 22265
STARLINK-32328          
1 62489U 25003C   25143.66938987  .00001539  00000+0  65459-4 0  9990
2 62489  43.0034 127.1180 0001114 266.5896  93.4828 15.27566574 22314
STARLINK-32328          
1 62489U 25003C   25143.93093650  .00001520  00000+0  64777-4 0  9991
2 62489  43.0036 125.6403 0001146 264.8751  95.1970 15.27567483 22354
STARLINK-32328          
1 62489U 25003C   25144.32325292  .00001489  00000+0  63634-4 0  9990
2 62489  43.0034 123.4253 0001093 267.8883  92.1843 15.27573594 22414
STARLINK-32328          
1 62489U 25003C   25144.65018768  .00000551  00000+0  29536-4 0  9995
2 62489  43.0028 121.5786 0001051 268.5450  91.5281 15.27574039 22468
STARLINK-32328          
1 62489U 25003C   25144.97712269 -.00000110  00000+0  55302-5 0  9990
2 62489  43.0028 119.7322 0000982 267.7126  92.3613 15.27572655 22512
STARLINK-32328          
1 62489U 25003C   25145.30405659 -.00000503  00000+0 -87765-5 0  9995
2 62489  43.0031 117.8862 0000989 268.5982  91.4756 15.27572145 22567
STARLINK-32328          
1 62489U 25003C   25145.63098628 -.00000291  00000+0 -10474-5 0  9992
2 62489  43.0035 116.0399 0000920 270.2722  89.8024 15.27575926 22619
STARLINK-32328          
1 62489U 25003C   25147.91950956 -.00001196  00000+0 -33954-4 0  9998
2 62489  43.0039 103.1136 0001184 269.5496  90.5220 15.27576276 22965
STARLINK-32328          
1 62489U 25003C   25148.57337253 -.00000214  00000+0  17357-5 0  9999
2 62489  43.0012  99.4239 0000755 271.9353  88.1412 15.27575637 23067
STARLINK-32328          
1 62489U 25003C   25149.16184576  .00000833  00000+0  39792-4 0  9995
2 62489  43.0018  96.1010 0000786 269.5288  90.5473 15.27579494 23157
STARLINK-32328          
1 62489U 25003C   25149.55416362  .00000421  00000+0  24812-4 0  9999
2 62489  43.0008  93.8853 0000999 275.0875  84.9863 15.27581149 23212
STARLINK-32328          
1 62489U 25003C   25150.20802806 -.00000054  00000+0  75412-5 0  9991
2 62489  43.0009  90.1929 0000864 267.9308  92.1445 15.27580046 23312
STARLINK-32328          
1 62489U 25003C   25150.53497116 -.00000998  00000+0 -26784-4 0  9996
2 62489  42.9993  88.3462 0000317 334.5903  25.4933 15.27570078 23368
STARLINK-32328          
1 62489U 25003C   25151.18884315  .00026786  00000+0  98032-3 0  9994
2 62489  43.0012  84.6532 0001676 264.9534  95.1127 15.27548001 23465
STARLINK-32328          
1 62489U 25003C   25152.49657491  .00077693  00000+0  27986-2 0  9994
2 62489  43.0009  77.2668 0001203 272.8927  87.1787 15.27634595 23668
