STARLINK-32811          
1 63039U 25034L   25056.66668981 -.00835034  22668-3 -21439-2 0  9996
2 63039  53.1636 230.4558 0000531  42.7011  91.6767 15.94540827  2203
STARLINK-32811          
1 63039U 25034L   25056.91670139 -.00756829  18921-3 -19872-2 0  9991
2 63039  53.1640 229.1792 0000552  31.7918  98.4096 15.94103863  2249
STARLINK-32811          
1 63039U 25034L   25057.58336806 -.00847365  22938-3 -23505-2 0  9992
2 63039  53.1641 225.7735 0000354  52.0448 305.0388 15.93085787  2348
STARLINK-32811          
1 63039U 25034L   25057.83335648 -.00837044  22346-3 -23729-2 0  9997
2 63039  53.1637 224.5000 0000679  39.3738 312.0759 15.92669064  2384
STARLINK-32811          
1 63039U 25034L   25058.58334491 -.00928320  26604-3 -28094-2 0  9994
2 63039  53.1637 220.6779 0000499  46.6055 285.8165 15.91430012  2507
STARLINK-32811          
1 63039U 25034L   25058.91668981 -.00855450  22821-3 -26702-2 0  9999
2 63039  53.1633 218.9835 0000769  33.3410  49.6223 15.90813602  2559
STARLINK-32811          
1 63039U 25034L   25059.50002315 -.00868781  00000+0 -31452-2 0  9998
2 63039  53.1636 216.0178 0000686  60.4943 124.0854 15.89799708  2647
STARLINK-32811          
1 63039U 25034L   25059.58335648 -.00884670  00000+0 -32336-2 0  9991
2 63039  53.1634 215.5953 0000630  43.9866 257.7898 15.89648059  2665
STARLINK-32811          
1 63039U 25034L   25059.91668981 -.00828667  00000+0 -31098-2 0  9995
2 63039  53.1634 213.9053 0000911  36.8152  13.2772 15.89002184  2714
STARLINK-32811          
1 63039U 25034L   25060.16668981 -.00898861  00000+0 -34759-2 0  9994
2 63039  53.1639 212.6361 0000580  51.2422 349.5895 15.88571321  2747
STARLINK-32811          
1 63039U 25034L   25060.58335648 -.00933111  00000+0 -37695-2 0  9991
2 63039  53.1637 210.5263 0000509  55.4159 209.0571 15.87781966  2824
STARLINK-32811          
1 63039U 25034L   25060.83335648 -.00866388  00000+0 -35656-2 0  9995
2 63039  53.1635 209.2625 0000766  44.5224 209.5656 15.87252469  2859
STARLINK-32811          
1 63039U 25034L   25061.00002315 -.00936736  00000+0 -39412-2 0  9996
2 63039  53.1630 208.4186 0000857  44.2048  82.6911 15.86971707  2888
STARLINK-32811          
1 63039U 25034L   25061.48179608 -.00444229  00000+0 -18019-2 0  9999
2 63039  53.1640 205.9833 0000437  27.7522 332.3526 15.86570800  2951
STARLINK-32811          
1 63039U 25034L   25061.60783684 -.00449803  00000+0 -18485-2 0  9998
2 63039  53.1638 205.3471 0000830 352.3343   7.7669 15.86316072  1853
STARLINK-32811          
1 63039U 25034L   25061.79692896 -.00420879  00000+0 -17518-2 0  9990
2 63039  53.1641 204.3930 0001042  41.7709 318.3395 15.85986513  1889
STARLINK-32811          
1 63039U 25034L   25061.79692896 -.00420879  00000+0 -17518-2 0  9990
2 63039  53.1641 204.3930 0001042  41.7709 318.3395 15.85986513  3005
STARLINK-32811          
1 63039U 25034L   25062.55323029 -.00038219  00000+0 -15121-3 0  9996
2 63039  53.1638 200.5760 0005555 253.1771 106.8645 15.85737828  2001
STARLINK-32811          
1 63039U 25034L   25062.67953183 -.00663557  00000+0 -30528-2 0  9995
2 63039  53.1638 199.9413 0000883  19.1239 340.9818 15.84499290  3141
STARLINK-32811          
1 63039U 25034L   25062.93247906 -.00413439  00000+0 -19188-2 0  9994
2 63039  53.1638 198.6745 0000700  10.0881 350.0157 15.83714713  2063
STARLINK-32811          
1 63039U 25034L   25063.18505989 -.00389947  00000+0 -18479-2 0  9998
2 63039  53.1635 197.4054 0000524 203.5265 156.5735 15.83219131  3223
STARLINK-32811          
1 63039U 25034L   25063.43776219 -.00484843  00000+0 -24010-2 0  9991
2 63039  53.1632 196.1386 0002878  20.3911 339.7227 15.82507792  2144
STARLINK-32811          
1 63039U 25034L   25063.43776219 -.00484843  00000+0 -24010-2 0  9991
2 63039  53.1632 196.1386 0002878  20.3911 339.7227 15.82507792  3268
STARLINK-32811          
1 63039U 25034L   25063.81692085 -.00500004  00000+0 -25799-2 0  9994
2 63039  53.1633 194.2351 0000663 193.9567 166.1438 15.81685677  3325
STARLINK-32811          
1 63039U 25034L   25063.88013769 -.00495009  00000+0 -25683-2 0  9997
2 63039  53.1633 193.9184 0000889  26.1893 333.9175 15.81553542  2218
STARLINK-32811          
1 63039U 25034L   25064.16670139 -.01000346  00000+0 -58427-2 0  9998
2 63039  53.1620 192.4830 0000790  67.6363 124.0442 15.80289739  3387
STARLINK-32811          
1 63039U 25034L   25064.58336806 -.01072314  00000+0 -64588-2 0  9993
2 63039  53.1618 190.3997 0000945  62.1368 340.6640 15.79386497  3464
STARLINK-32811          
1 63039U 25034L   25064.83335648 -.01039419  00000+0 -64081-2 0  9991
2 63039  53.1615 189.1509 0001063  43.9852 340.7578 15.78802866  3488
STARLINK-32811          
1 63039U 25034L   25064.91668981 -.01092890  00000+0 -68242-2 0  9994
2 63039  53.1615 188.7341 0001200  50.0021  88.6219 15.78642224  3511
STARLINK-32811          
1 63039U 25034L   25065.16667824 -.01042075  00000+0 -66568-2 0  9996
2 63039  53.1616 187.4842 0001077  54.9134  64.9851 15.78026608  3548
STARLINK-32811          
1 63039U 25034L   25065.58334491 -.01091003  00000+0 -73087-2 0  9992
2 63039  53.1611 185.4072 0001016  51.8342 275.7727 15.77083904  3620
STARLINK-32811          
1 63039U 25034L   25065.75003472 -.01030436  00000+0 -69894-2 0  9997
2 63039  53.1610 184.5772 0001224  51.7437 142.6793 15.76664088  3634
STARLINK-32811          
1 63039U 25034L   25065.75003472 -.01030436  00000+0 -69894-2 0  9997
2 63039  53.1610 184.5772 0001224  51.7437 142.6793 15.76664088  3645
STARLINK-32811          
1 63039U 25034L   25066.16668981 -.01068979  00000+0 -75988-2 0  9999
2 63039  53.1602 182.5001 0000918  64.9660 335.0687 15.75702084  3695
STARLINK-32811          
1 63039U 25034L   25066.58335648 -.00500849  00000+0 -35710-2 0  9991
2 63039  53.1600 180.4307 0001075  55.7328 188.5337 15.74519256  3782
STARLINK-32811          
1 63039U 25034L   25066.83335648  .00035824  00000+0  24818-3 0  9991
2 63039  53.1597 179.1895 0000775  56.1888 165.8462 15.74158720  3801
STARLINK-32811          
1 63039U 25034L   25066.91668981 -.00043115  00000+0 -29150-3 0  9997
2 63039  53.1600 178.7753 0000594  62.9323 271.6180 15.74197495  3830
STARLINK-32811          
1 63039U 25034L   25067.16668981 -.00865648  00000+0 -64750-2 0  9992
2 63039  53.1601 177.5329 0000425  92.8483 219.2542 15.74428415  3850
STARLINK-32811          
1 63039U 25034L   25067.25002315 -.01149356  00000+0 -87210-2 0  9993
2 63039  53.1601 177.1190 0000603  90.8390 333.7929 15.74414425  3885
STARLINK-32811          
1 63039U 25034L   25067.50002315 -.01374216  00000+0 -10719-1 0  9995
2 63039  53.1601 175.8798 0000639  80.3562 321.7860 15.73827453  3900
STARLINK-32811          
1 63039U 25034L   25067.83336806 -.01330050  00000+0 -10787-1 0  9999
2 63039  53.1593 174.2279 0001020  58.4735  72.8126 15.72831173  3980
STARLINK-32811          
1 63039U 25034L   25068.50002315 -.01384183  00000+0 -12254-1 0  9996
2 63039  53.1594 170.9298 0000810  67.8061 238.0613 15.70899213  4061
STARLINK-32811          
1 63039U 25034L   25068.58335648 -.01368711  00000+0 -12232-1 0  9997
2 63039  53.1597 170.5189 0000958  63.7523 353.6177 15.70640962  4109
STARLINK-32811          
1 63039U 25034L   25068.91668981 -.01392058  00000+0 -12983-1 0  9997
2 63039  53.1598 168.8735 0001092  56.6820  85.9252 15.69677363  4155
STARLINK-32811          
1 63039U 25034L   25069.16667824 -.01357761  00000+0 -13036-1 0  9992
2 63039  53.1600 167.6406 0000985  75.2768  40.4421 15.68907572  4172
STARLINK-32811          
1 63039U 25034L   25069.50002315 -.01404074  00000+0 -14101-1 0  9992
2 63039  53.1603 166.0020 0001183  68.0737 130.8807 15.67924463  4222
STARLINK-32811          
1 63039U 25034L   25069.58335648 -.01389234  00000+0 -14085-1 0  9999
2 63039  53.1603 165.5929 0001039  64.2473 245.3153 15.67662016  4262
STARLINK-32811          
1 63039U 25034L   25069.84739031 -.00677332  00000+0 -65130-2 0  9998
2 63039  53.1602 164.2950 0002119  57.5833 302.5388 15.67949127  4274
STARLINK-32811          
1 63039U 25034L   25069.91668981 -.01434685  00000+0 -14915-1 0  9998
2 63039  53.1601 163.9550 0000948  65.3244 325.8971 15.66668738  4312
STARLINK-32811          
1 63039U 25034L   25070.16668981 -.01368410  00000+0 -14892-1 0  9993
2 63039  53.1600 162.7277 0000790  78.1992 283.4829 15.65883669  4324
STARLINK-32811          
1 63039U 25034L   25070.48562408 -.00690634  00000+0 -71242-2 0  9993
2 63039  53.1602 161.1663 0000891  15.9162 344.1882 15.66278363  4377
STARLINK-32811          
1 63039U 25034L   25070.54949156 -.00693156  00000+0 -72101-2 0  9996
2 63039  53.1603 160.8538 0000536  80.3152 279.7925 15.66082494  3262
STARLINK-32811          
1 63039U 25034L   25070.83334491 -.01452786  00000+0 -16929-1 0  9996
2 63039  53.1598 159.4667 0001179  65.5910  93.8608 15.63869076  4432
STARLINK-32811          
1 63039U 25034L   25070.91668981 -.01465963  00000+0 -17274-1 0  9994
2 63039  53.1599 159.0589 0000971  72.0119 196.8908 15.63616767  4473
STARLINK-32811          
1 63039U 25034L   25071.41668981 -.01466733  00000+0 -18378-1 0  9992
2 63039  53.1602 156.6195 0001267  82.9091 120.6924 15.62059737  4528
STARLINK-32811          
1 63039U 25034L   25071.58335648 -.01428471  00000+0 -18229-1 0  9993
2 63039  53.1603 155.8084 0001225  64.8485 356.3644 15.61515496  4588
STARLINK-32811          
1 63039U 25034L   25071.91668981 -.01468865  00000+0 -19563-1 0  9992
2 63039  53.1603 154.1849 0001280  71.7220  63.7619 15.60498084  4633
STARLINK-32811          
1 63039U 25034L   25072.25002315 -.01452922  00000+0 -20121-1 0  9992
2 63039  53.1604 152.5649 0001362  87.8782 120.6252 15.59452169  4656
STARLINK-32811          
1 63039U 25034L   25072.58335648 -.01442048  00000+0 -20785-1 0  9990
2 63039  53.1600 150.9499 0001247  74.6153 205.6619 15.58384897  4747
STARLINK-32811          
1 63039U 25034L   25072.83336806 -.01494402  00000+0 -22261-1 0  9997
2 63039  53.1594 149.7378 0001264  76.3972 166.9291 15.57627664  4744
STARLINK-32811          
1 63039U 25034L   25072.91668981 -.01484686  00000+0 -22329-1 0  9996
2 63039  53.1595 149.3339 0001070  71.5288 279.2438 15.57355564  4793
STARLINK-32811          
1 63039U 25034L   25073.58335648 -.01444276  00000+0 -23465-1 0  9994
2 63039  53.1594 146.1143 0001381  66.5823  61.4011 15.55203938  4900
STARLINK-32811          
1 63039U 25034L   25074.16668981 -.01457324  00000+0 -25380-1 0  9994
2 63039  53.1594 143.3017 0001325  82.6246  71.2048 15.53349541  4958
STARLINK-32811          
1 63039U 25034L   25074.50001157 -.01481369  00000+0 -26878-1 0  9997
2 63039  53.1594 141.7014 0001359  76.4574 141.7503 15.52279477  5004
STARLINK-32811          
1 63039U 25034L   25074.58334491 -.01449464  00000+0 -26506-1 0  9993
2 63039  53.1596 141.3015 0001133  71.6035 252.5150 15.51993589  5063
STARLINK-32811          
1 63039U 25034L   25074.91668981 -.01516502  00000+0 -28434-1 0  9994
2 63039  53.1597 139.7006 0001109  67.1153 319.8850 15.50941029  5110
STARLINK-32811          
1 63039U 25034L   25075.16668981 -.00788202  00000+0 -15103-1 0  9998
2 63039  53.1597 138.5024 0001368  78.2356 265.0665 15.49890808  5103
STARLINK-32811          
1 63039U 25034L   25075.50002315  .00063577  00000+0  11432-2 0  9990
2 63039  53.1595 136.9099 0001624  60.9495 342.9151 15.49276036  5153
STARLINK-32811          
1 63039U 25034L   25075.58334491  .00076228  00000+0  13667-2 0  9990
2 63039  53.1595 136.5117 0001622  59.0081  89.8437 15.49279313  5221
STARLINK-32811          
1 63039U 25034L   25075.91668981 -.00007528  00000+0 -12741-3 0  9993
2 63039  53.1593 134.9159 0001469  71.3282 137.8339 15.49309383  5277
STARLINK-32811          
1 63039U 25034L   25076.16668981  .00005235  00000+0  10211-3 0  9992
2 63039  53.1591 133.7204 0001473  82.4072  81.9171 15.49310234  5267
STARLINK-32811          
1 63039U 25034L   25076.58335648  .00000696  00000+0  20574-4 0  9999
2 63039  53.1585 131.7302 0001432  80.1338 249.4914 15.49316239  5382
STARLINK-32811          
1 63039U 25034L   25076.91667824  .00047736  00000+0  86229-3 0  9994
2 63039  53.1584 130.1345 0001389  98.9928 290.8196 15.49269588  5436
STARLINK-32811          
1 63039U 25034L   25077.50002315  .00018327  00000+0  33691-3 0  9997
2 63039  53.1584 127.3471 0001408  91.6178 313.6415 15.49299598  5468
STARLINK-32811          
1 63039U 25034L   25077.58335648  .00054103  00000+0  97495-3 0  9997
2 63039  53.1583 126.9488 0001348  89.7994  60.5218 15.49283803  5547
STARLINK-32811          
1 63039U 25034L   25077.91668981  .00081527  00000+0  14611-2 0  9991
2 63039  53.1585 125.3528 0001219  75.7191 134.8478 15.49261105  5597
STARLINK-32811          
1 63039U 25034L   25078.16668981 -.00020188  00000+0 -35566-3 0  9990
2 63039  53.1588 124.1575 0001309  74.8484  90.8519 15.49323335  5573
STARLINK-32811          
1 63039U 25034L   25078.58335648  .00006617  00000+0  12693-3 0  9992
2 63039  53.1588 122.1671 0001385  58.9242 272.0804 15.49311070  5706
STARLINK-32811          
1 63039U 25034L   25078.83335648 -.00049822  00000+0 -89301-3 0  9997
2 63039  53.1590 120.9702 0001287  70.9688 215.2158 15.49322266  5675
STARLINK-32811          
1 63039U 25034L   25078.91667824  .00016375  00000+0  30208-3 0  9997
2 63039  53.1591 120.5713 0001232  76.9894 314.1973 15.49287864  5756
STARLINK-32811          
1 63039U 25034L   25079.00002315  .00046671  00000+0  84316-3 0  9997
2 63039  53.1589 120.1726 0001230  80.3232  55.9842 15.49276356  5700
STARLINK-32811          
1 63039U 25034L   25079.42718372  .00000372  00000+0  14751-4 0  9995
2 63039  53.1598 118.1314 0001715  62.5695 297.5489 15.49309364  4642
STARLINK-32811          
1 63039U 25034L   25079.42718372  .00000372  00000+0  14751-4 0  9995
2 63039  53.1598 118.1314 0001715  62.5695 297.5489 15.49309364  5766
STARLINK-32811          
1 63039U 25034L   25080.52451585 -.00094425  00000+0 -17557-2 0  9997
2 63039  53.1610 112.8878 0000956  83.5714 276.5404 15.48564271  4816
STARLINK-32811          
1 63039U 25034L   25080.52451585 -.00094425  00000+0 -17557-2 0  9997
2 63039  53.1610 112.8878 0000956  83.5714 276.5404 15.48564271  5930
STARLINK-32811          
1 63039U 25034L   25080.78301464 -.00138579  00000+0 -26311-2 0  9992
2 63039  53.1615 111.6726 0004232  26.4933 333.6291 15.48157484  4857
STARLINK-32811          
1 63039U 25034L   25080.78301464 -.00138579  00000+0 -26311-2 0  9992
2 63039  53.1615 111.6726 0004232  26.4933 333.6291 15.48157484  5971
STARLINK-32811          
1 63039U 25034L   25081.25001157 -.01535262  00000+0 -35106-1 0  9993
2 63039  53.1594 109.4334 0001332  75.7729   8.1942 15.45336486  6050
STARLINK-32811          
1 63039U 25034L   25081.58335648 -.01488491  00000+0 -35238-1 0  9991
2 63039  53.1593 107.8510 0001462  71.3886  67.4238 15.44231314  5752
STARLINK-32811          
1 63039U 25034L   25081.91667824 -.01486403  00000+0 -36512-1 0  9999
2 63039  53.1596 106.2688 0001416  87.0568 105.1699 15.43144510  5801
STARLINK-32811          
1 63039U 25034L   25082.08335648 -.01506257  00000+0 -37717-1 0  9992
2 63039  53.1600 105.4796 0001238  83.3014 315.2320 15.42620375  6178
STARLINK-32811          
1 63039U 25034L   25082.25002315 -.01540278  00000+0 -39355-1 0  9994
2 63039  53.1600 104.6923 0001412  87.2669 157.1889 15.42092252  6208
STARLINK-32811          
1 63039U 25034L   25082.58335648 -.01438572  00000+0 -37910-1 0  9996
2 63039  53.1598 103.1179 0001221  79.0014 216.3322 15.40962028  5914
STARLINK-32811          
1 63039U 25034L   25082.83335648 -.00362452  00000+0 -94143-2 0  9998
2 63039  53.1604 101.9366 0001228  80.7526 161.9261 15.39858081  6290
STARLINK-32811          
1 63039U 25034L   25082.91668981 -.00042456  00000+0 -10565-2 0  9991
2 63039  53.1601 101.5434 0001229  90.4764 254.4576 15.39643876  5966
STARLINK-32811          
1 63039U 25034L   25083.08335648  .00021057  00000+0  53505-3 0  9995
2 63039  53.1605 100.7583 0001239  91.5330  97.7032 15.39613943  6337
STARLINK-32811          
1 63039U 25034L   25083.41668981  .00157663  00000+0  38868-2 0  9998
2 63039  53.1604  99.1896 0001567  56.0535 181.7450 15.39492652  6386
STARLINK-32811          
1 63039U 25034L   25083.58335648  .00083594  00000+0  20771-2 0  9992
2 63039  53.1599  98.4041 0001861  41.0262  40.9295 15.39617950  6070
STARLINK-32811          
1 63039U 25034L   25083.91667824  .00024077  00000+0  60876-3 0  9995
2 63039  53.1600  96.8318 0001730  45.9141  84.5914 15.39682573  6127
STARLINK-32811          
1 63039U 25034L   25084.16668981 -.00154571  00000+0 -39178-2 0  9993
2 63039  53.1600  95.6546 0001862  42.2066  34.8423 15.39735820  6508
STARLINK-32811          
1 63039U 25034L   25084.50001157 -.00017601  00000+0 -43138-3 0  9991
2 63039  53.1595  94.0850 0001721  52.3170  73.3900 15.39595878  5878
STARLINK-32811          
1 63039U 25034L   25084.50001157 -.00017601  00000+0 -43138-3 0  9991
2 63039  53.1595  94.0850 0001721  52.3170  73.3900 15.39595878  6554
STARLINK-32811          
1 63039U 25034L   25084.91667824  .00087668  00000+0  21806-2 0  9990
2 63039  53.1592  92.1196 0001528  68.6199 207.7750 15.39563321  5945
STARLINK-32811          
1 63039U 25034L   25085.16668981 -.00044648  00000+0 -11115-2 0  9998
2 63039  53.1592  90.9428 0001604  69.8741 152.9870 15.39653356  6651
STARLINK-32811          
1 63039U 25034L   25085.58335648  .00023925  00000+0  60658-3 0  9995
2 63039  53.1584  88.9798 0001551  72.4111 301.2035 15.39601605  6057
STARLINK-32811          
1 63039U 25034L   25085.83334491  .00042668  00000+0  10712-2 0  9998
2 63039  53.1585  87.8006 0001487  84.1895 235.7954 15.39606239  6751
STARLINK-32811          
1 63039U 25034L   25085.91668981  .00064167  00000+0  16016-2 0  9992
2 63039  53.1585  87.4075 0001470  87.0390 335.1578 15.39602415  6105
STARLINK-32811          
1 63039U 25034L   25086.29497570 -.00003893  00000+0 -87285-4 0  9997
2 63039  53.1603  85.6272 0001412  63.7690 296.3460 15.39651446  5706
STARLINK-32811          
1 63039U 25034L   25086.68446644 -.00004668  00000+0 -10671-3 0  9991
2 63039  53.1618  83.7903 0001748  61.1333 298.9847 15.39640148  5760
STARLINK-32811          
1 63039U 25034L   25086.68446644 -.00004668  00000+0 -10671-3 0  9991
2 63039  53.1618  83.7903 0001748  61.1333 298.9847 15.39640148  6884
STARLINK-32811          
1 63039U 25034L   25087.13888359  .00000638  00000+0  25964-4 0  9998
2 63039  53.1624  81.6516 0002007  80.5948 279.5284 15.39606767  6951
STARLINK-32811          
1 63039U 25034L   25087.26869893  .00000841  00000+0  30992-4 0  9997
2 63039  53.1610  81.0344 0001339  67.1618 292.9528 15.39627139  5855
STARLINK-32811          
1 63039U 25034L   25087.26869893  .00000841  00000+0  30992-4 0  9997
2 63039  53.1610  81.0344 0001339  67.1618 292.9528 15.39627139  6979
STARLINK-32811          
1 63039U 25034L   25088.24241770  .00000215  00000+0  15371-4 0  9993
2 63039  53.1623  76.4481 0001538  74.9155 285.2020 15.39624375  6001
STARLINK-32811          
1 63039U 25034L   25088.24241770  .00000215  00000+0  15371-4 0  9993
2 63039  53.1623  76.4481 0001538  74.9155 285.2020 15.39624375  7125
STARLINK-32811          
1 63039U 25034L   25089.34596426  .00000084  00000+0  12080-4 0  9994
2 63039  53.1617  71.2497 0001384  91.4255 268.6908 15.39626129  6175
STARLINK-32811          
1 63039U 25034L   25089.34596426  .00000084  00000+0  12080-4 0  9994
2 63039  53.1617  71.2497 0001384  91.4255 268.6908 15.39626129  7299
STARLINK-32811          
1 63039U 25034L   25089.67054095 -.00001329  00000+0 -23232-4 0  9997
2 63039  53.1620  69.7162 0001385  92.3893 267.7270 15.39622534  6223
STARLINK-32811          
1 63039U 25034L   25089.67054095 -.00001329  00000+0 -23232-4 0  9997
2 63039  53.1620  69.7162 0001385  92.3893 267.7270 15.39622534  7347
STARLINK-32811          
1 63039U 25034L   25090.18985518  .00000758  00000+0  28929-4 0  9999
2 63039  53.1614  67.2686 0001434 101.7676 258.3490 15.39618454  6304
STARLINK-32811          
1 63039U 25034L   25091.22849741  .00006146  00000+0  16369-3 0  9993
2 63039  53.1622  62.3758 0001727 117.3019 242.8162 15.39586981  7582
STARLINK-32811          
1 63039U 25034L   25091.29340564 -.00001263  00000+0 -21598-4 0  9997
2 63039  53.1617  62.0710 0001274 108.9101 251.2042 15.39623929  7592
STARLINK-32811          
1 63039U 25034L   25091.61798259 -.00000539  00000+0 -35011-5 0  9992
2 63039  53.1624  60.5418 0001372 108.1107 252.0047 15.39615737  6529
STARLINK-32811          
1 63039U 25034L   25091.74956402 -.00249636  00000+0 -68475-2 0  9992
2 63039  53.1617  59.9413 0012709 107.2851 252.9544 15.37626444  6548
STARLINK-32811          
1 63039U 25034L   25091.74956402 -.00249636  00000+0 -68475-2 0  9992
2 63039  53.1617  59.9413 0012709 107.2851 252.9544 15.37626444  7662
STARLINK-32811          
1 63039U 25034L   25092.25002315  .00077300  00000+0  19256-2 0  9992
2 63039  53.1599  57.5679 0001300  95.1805 170.0422 15.39577955  7746
STARLINK-32811          
1 63039U 25034L   25092.59172288  .00000825  00000+0  30617-4 0  9990
2 63039  53.1614  55.9575 0001668 117.9091 242.2082 15.39614847  6675
STARLINK-32811          
1 63039U 25034L   25092.59172288  .00000825  00000+0  30617-4 0  9990
2 63039  53.1614  55.9575 0001668 117.9091 242.2082 15.39614847  7799
STARLINK-32811          
1 63039U 25034L   25093.17592085  .00002433  00000+0  70755-4 0  9990
2 63039  53.1612  53.2032 0001127  99.8792 260.2340 15.39630645  6769
STARLINK-32811          
1 63039U 25034L   25093.17592085  .00002433  00000+0  70755-4 0  9990
2 63039  53.1612  53.2032 0001127  99.8792 260.2340 15.39630645  7883
STARLINK-32811          
1 63039U 25034L   25093.82525141  .00005490  00000+0  14739-3 0  9996
2 63039  53.1615  50.1471 0001327  95.5483 264.5673 15.39565947  6866
STARLINK-32811          
1 63039U 25034L   25093.82525141  .00005490  00000+0  14739-3 0  9996
2 63039  53.1615  50.1471 0001327  95.5483 264.5673 15.39565947  7980
STARLINK-32811          
1 63039U 25034L   25094.01875776  .00186829  00000+0  43749-2 0  9998
2 63039  53.1609  49.2208 0004985 328.5750  31.4957 15.40918543  8016
STARLINK-32811          
1 63039U 25034L   25094.34437954  .00005352  00000+0  14366-3 0  9991
2 63039  53.1616  47.6991 0001354  73.7386 286.3768 15.39627211  8069
STARLINK-32811          
1 63039U 25034L   25094.50002315 -.00162487  00000+0 -41306-2 0  9996
2 63039  53.1599  46.9659 0000947  91.6224  51.6254 15.39684084  8096
STARLINK-32811          
1 63039U 25034L   25094.58335648 -.00088432  00000+0 -22262-2 0  9999
2 63039  53.1602  46.5728 0000915  97.0005 148.4177 15.39625040  6078
STARLINK-32811          
1 63039U 25034L   25095.25002315 -.00021367  00000+0 -52610-3 0  9991
2 63039  53.1601  43.4332 0001115  87.1495 255.4144 15.39596633  8205
STARLINK-32811          
1 63039U 25034L   25095.83335648  .00084300  00000+0  20986-2 0  9997
2 63039  53.1599  40.6826 0001243  89.6911 247.8549 15.39556655  5986
STARLINK-32811          
1 63039U 25034L   25095.83335648  .00084300  00000+0  20986-2 0  9997
2 63039  53.1599  40.6826 0001243  89.6911 247.8549 15.39556655  8293
STARLINK-32811          
1 63039U 25034L   25096.09709731 -.00001653  00000+0 -31374-4 0  9991
2 63039  53.1625  39.4405 0001370  72.8853 287.2302 15.39606802  8332
STARLINK-32811          
1 63039U 25034L   25096.55149393 -.00003091  00000+0 -67293-4 0  9991
2 63039  53.1636  37.2986 0001689  62.9584 297.1593 15.39624055  7283
STARLINK-32811          
1 63039U 25034L   25096.55149393 -.00003091  00000+0 -67293-4 0  9991
2 63039  53.1636  37.2986 0001689  62.9584 297.1593 15.39624055  8408
STARLINK-32811          
1 63039U 25034L   25097.20065220 -.00001136  00000+0 -18430-4 0  9997
2 63039  53.1624  34.2395 0001124  95.0823 265.0310 15.39596402  8509
STARLINK-32811          
1 63039U 25034L   25097.52521331  .00000981  00000+0  34500-4 0  9993
2 63039  53.1617  32.7114 0000943  75.1939 284.9170 15.39612844  7432
STARLINK-32811          
1 63039U 25034L   25097.52521331  .00000981  00000+0  34500-4 0  9993
2 63039  53.1617  32.7114 0000943  75.1939 284.9170 15.39612844  8556
STARLINK-32811          
1 63039U 25034L   25098.10944552  .00001911  00000+0  57748-4 0  9995
2 63039  53.1615  29.9584 0001164  67.9741 292.1387 15.39613183  7523
STARLINK-32811          
1 63039U 25034L   25098.88840377  .00001540  00000+0  48454-4 0  9992
2 63039  53.1616  26.2879 0001183  71.5031 288.6103 15.39635471  7648
STARLINK-32811          
1 63039U 25034L   25098.88840377  .00001540  00000+0  48454-4 0  9992
2 63039  53.1616  26.2879 0001183  71.5031 288.6103 15.39635471  8762
STARLINK-32811          
1 63039U 25034L   25099.08317132  .00000008  00000+0  10196-4 0  9993
2 63039  53.1617  25.3671 0001187  60.5996 299.5128 15.39596625  7679
STARLINK-32811          
1 63039U 25034L   25099.08317132  .00000008  00000+0  10196-4 0  9993
2 63039  53.1617  25.3671 0001187  60.5996 299.5128 15.39596625  8793
STARLINK-32811          
1 63039U 25034L   25100.05689146 -.00004853  00000+0 -11150-3 0  9994
2 63039  53.1616  20.7833 0000999 129.5846 230.5247 15.39601912  7827
STARLINK-32811          
1 63039U 25034L   25100.05689146 -.00004853  00000+0 -11150-3 0  9994
2 63039  53.1616  20.7833 0000999 129.5846 230.5247 15.39601912  8941
STARLINK-32811          
1 63039U 25034L   25101.03060196  .00001791  00000+0  54772-4 0  9995
2 63039  53.1609  16.1964 0001085  81.4113 278.7015 15.39600599  9091
STARLINK-32811          
1 63039U 25034L   25101.48499641 -.00000247  00000+0  38059-5 0  9992
2 63039  53.1610  14.0529 0000987  92.8612 267.2506 15.39622505  9164
STARLINK-32811          
1 63039U 25034L   25102.13416611 -.00000086  00000+0  78301-5 0  9996
2 63039  53.1608  10.9908 0001126  83.3288 276.7844 15.39581646  9268
STARLINK-32811          
1 63039U 25034L   25102.45873083  .00000035  00000+0  10859-4 0  9997
2 63039  53.1610   9.4670 0001045  81.5643 278.5481 15.39601477  8198
STARLINK-32811          
1 63039U 25034L   25102.45873083  .00000035  00000+0  10859-4 0  9997
2 63039  53.1610   9.4670 0001045  81.5643 278.5481 15.39601477  9313
STARLINK-32811          
1 63039U 25034L   25103.10785816  .00002263  00000+0  66540-4 0  9999
2 63039  53.1602   6.4058 0001311 124.3346 235.7783 15.39623735  9415
STARLINK-32811          
1 63039U 25034L   25103.43245037  .00000437  00000+0  20917-4 0  9990
2 63039  53.1607   4.8775 0001538 109.2145 250.9026 15.39601881  9460
STARLINK-32811          
1 63039U 25034L   25103.69210524 -.00002043  00000+0 -41114-4 0  9990
2 63039  53.1607   3.6542 0001131 110.2005 249.9121 15.39613912  8387
STARLINK-32811          
1 63039U 25034L   25103.69210524 -.00002043  00000+0 -41114-4 0  9990
2 63039  53.1607   3.6542 0001131 110.2005 249.9121 15.39613912  9502
STARLINK-32811          
1 63039U 25034L   25104.08161098 -.00000373  00000+0  65107-6 0  9998
2 63039  53.1610   1.8170 0001017  89.7880 270.3241 15.39583853  9564
STARLINK-32811          
1 63039U 25034L   25104.40616265  .00003249  00000+0  91191-4 0  9999
2 63039  53.1607   0.2867 0001051  75.2797 284.8325 15.39612515  9618
STARLINK-32811          
1 63039U 25034L   25104.92547872 -.00001232  00000+0 -20837-4 0  9994
2 63039  53.1597 357.8410 0000880  56.3413 303.7676 15.39619263  8576
STARLINK-32811          
1 63039U 25034L   25104.99039039 -.00000807  00000+0 -10200-4 0  9992
2 63039  53.1594 357.5345 0000567  90.8551 269.2519 15.39621378  8588
STARLINK-32811          
1 63039U 25034L   25105.89920428  .00001510  00000+0  47733-4 0  9994
2 63039  53.1596 353.2530 0000529  67.0033 293.1028 15.39603694  9840
STARLINK-32811          
1 63039U 25034L   25105.96411974  .00001817  00000+0  55416-4 0  9990
2 63039  53.1598 352.9483 0000645  70.8919 289.2156 15.39602772  8730
STARLINK-32811          
1 63039U 25034L   25106.87290394 -.00001294  00000+0 -22374-4 0  9990
2 63039  53.1595 348.6616 0000376  92.0059 268.0988 15.39635389  9996
STARLINK-32811          
1 63039U 25034L   25106.93782204  .00000920  00000+0  32971-4 0  9990
2 63039  53.1595 348.3574 0000481  61.6817 298.4236 15.39622543 10002
STARLINK-32811          
1 63039U 25034L   25106.93782204  .00000920  00000+0  32971-4 0  9990
2 63039  53.1595 348.3574 0000481  61.6817 298.4236 15.39622543  8885
STARLINK-32811          
1 63039U 25034L   25107.91159127 -.00005251  00000+0 -12163-3 0  9995
2 63039  53.1594 343.7700 0000935  38.1023 322.0048 15.39560616 10156
STARLINK-32811          
1 63039U 25034L   25108.82036001 -.00000420  00000+0 -53362-6 0  9993
2 63039  53.1594 339.4859 0000455 124.0747 236.0301 15.39614974 10296
STARLINK-32811          
1 63039U 25034L   25108.95016145  .00004262  00000+0  11634-3 0  9993
2 63039  53.1592 338.8739 0000520 112.2553 247.8507 15.39649381 10312
STARLINK-32811          
1 63039U 25034L   25108.95016145  .00004262  00000+0  11634-3 0  9993
2 63039  53.1592 338.8739 0000520 112.2553 247.8507 15.39649381  9196
STARLINK-32811          
1 63039U 25034L   25111.22218973 -.00003885  00000+0 -87167-4 0  9997
2 63039  53.1581 328.1714 0000576 158.3498 201.7532 15.39635151 10660
STARLINK-32811          
1 63039U 25034L   25111.22218973 -.00003885  00000+0 -87167-4 0  9997
2 63039  53.1581 328.1714 0000576 158.3498 201.7532 15.39635151  9545
STARLINK-32811          
1 63039U 25034L   25113.88368260 -.00000217  00000+0  45593-5 0  9999
2 63039  53.1629 315.6237 0001663 207.7531 152.3386 15.39619523  9952
STARLINK-32811          
1 63039U 25034L   25114.92231120  .00001089  00000+0  37197-4 0  9996
2 63039  53.1634 310.7324 0000655 199.2067 160.8914 15.39623249 10111
STARLINK-32811          
1 63039U 25034L   25114.92231120  .00001089  00000+0  37197-4 0  9996
2 63039  53.1634 310.7324 0000655 199.2067 160.8914 15.39623249 11235
STARLINK-32811          
1 63039U 25034L   25115.50655071  .00000889  00000+0  32205-4 0  9998
2 63039  53.1543 307.9864 0001734  69.4619 290.6572 15.39622429 10208
STARLINK-32811          
1 63039U 25034L   25115.89603943 -.00000247  00000+0  38134-5 0  9998
2 63039  53.1569 306.1507 0001240  67.7991 292.3145 15.39621913 10265
STARLINK-32811          
1 63039U 25034L   25115.96095313 -.00000044  00000+0  89000-5 0  9995
2 63039  53.1580 305.8449 0001599  63.9474 296.1695 15.39623784 11395
STARLINK-32811          
1 63039U 25034L   25116.80483493 -.00001630  00000+0 -30789-4 0  9991
2 63039  53.1586 301.8650 0001211  66.2201 293.8930 15.39611253 10401
STARLINK-32811          
1 63039U 25034L   25117.51889867 -.00003715  00000+0 -82976-4 0  9996
2 63039  53.1608 298.5024 0000283  54.7185 305.3846 15.39615187 10511
STARLINK-32811          
1 63039U 25034L   25117.51889867 -.00003715  00000+0 -82976-4 0  9996
2 63039  53.1608 298.5024 0000283  54.7185 305.3846 15.39615187 11635
STARLINK-32811          
1 63039U 25034L   25118.75227283  .00002128  00000+0  63183-4 0  9995
2 63039  53.1597 292.6897 0000982  67.9233 292.1876 15.39606445 10701
STARLINK-32811          
1 63039U 25034L   25118.75227283  .00002128  00000+0  63183-4 0  9995
2 63039  53.1597 292.6897 0000982  67.9233 292.1876 15.39606445 11825
STARLINK-32811          
1 63039U 25034L   25121.86817912  .00000747  00000+0  28632-4 0  9990
2 63039  53.1609 278.0069 0000910 103.1873 256.9233 15.39626215 12308
STARLINK-32811          
1 63039U 25034L   25122.58228740 -.00008891  00000+0 -21284-3 0  9990
2 63039  53.1590 274.6471 0000691  47.2398 312.8665 15.39580465 12411
STARLINK-32811          
1 63039U 25034L   25122.84194482 -.00004924  00000+0 -11338-3 0  9996
2 63039  53.1604 273.4198 0000857  99.1141 260.9961 15.39575278 12458
STARLINK-32811          
1 63039U 25034L   25122.90686125 -.00004826  00000+0 -11091-3 0  9990
2 63039  53.1605 273.1144 0000944 100.6035 259.5076 15.39574623 11345
STARLINK-32811          
1 63039U 25034L   25123.55595923  .00001616  00000+0  50356-4 0  9997
2 63039  53.1613 270.0549 0002066  10.7963 349.3086 15.39632970 12561
STARLINK-32811          
1 63039U 25034L   25123.81561363  .00001693  00000+0  52279-4 0  9998
2 63039  53.1614 268.8330 0000845  56.8799 303.2286 15.39632391 11484
STARLINK-32811          
1 63039U 25034L   25124.52968675  .00002299  00000+0  67476-4 0  9992
2 63039  53.1595 265.4648 0001504 110.4959 249.6208 15.39606202 11596
STARLINK-32811          
1 63039U 25034L   25124.78934365  .00003239  00000+0  90954-4 0  9991
2 63039  53.1588 264.2409 0001797 105.3326 254.7878 15.39608845 11635
STARLINK-32811          
1 63039U 25034L   25124.78934365  .00003239  00000+0  90954-4 0  9991
2 63039  53.1588 264.2409 0001797 105.3326 254.7878 15.39608845 12759
STARLINK-32811          
1 63039U 25034L   25125.37354374 -.00013771  00000+0 -33404-3 0  9993
2 63039  53.1594 261.4875 0000876  95.1109 264.9995 15.39699784 12849
STARLINK-32811          
1 63039U 25034L   25125.76305802  .00000546  00000+0  23644-4 0  9998
2 63039  53.1606 259.6530 0001463 110.3719 249.7443 15.39620932 11780
STARLINK-32811          
1 63039U 25034L   25125.76305802  .00000546  00000+0  23644-4 0  9998
2 63039  53.1606 259.6530 0001463 110.3719 249.7443 15.39620932 12905
STARLINK-32811          
1 63039U 25034L   25126.60695359 -.00001220  00000+0 -20531-4 0  9995
2 63039  53.1613 255.6783 0001370 102.0225 258.0933 15.39618806 11910
STARLINK-32811          
1 63039U 25034L   25126.60695359 -.00001220  00000+0 -20531-4 0  9995
2 63039  53.1613 255.6783 0001370 102.0225 258.0933 15.39618806 13035
STARLINK-32811          
1 63039U 25034L   25127.58067276  .00001356  00000+0  43884-4 0  9998
2 63039  53.1603 251.0907 0001084  83.8882 276.2246 15.39607642 12066
STARLINK-32811          
1 63039U 25034L   25128.03506984 -.00000303  00000+0  23998-5 0  9990
2 63039  53.1604 248.9509 0001075 106.5285 253.5838 15.39621202 13255
STARLINK-32811          
1 63039U 25034L   25128.29473446  .00000115  00000+0  12867-4 0  9996
2 63039  53.1627 247.7280 0001380  94.1110 266.0052 15.39613986 13292
STARLINK-32811          
1 63039U 25034L   25128.68420843  .00001751  00000+0  53726-4 0  9998
2 63039  53.1584 245.8886 0000938  57.4376 302.6720 15.39629786 13350
STARLINK-32811          
1 63039U 25034L   25129.52811347  .00000550  00000+0  23746-4 0  9990
2 63039  53.1599 241.9103 0001269  56.0441 304.0684 15.39607802 12361
STARLINK-32811          
1 63039U 25034L   25129.52811347  .00000550  00000+0  23746-4 0  9990
2 63039  53.1599 241.9103 0001269  56.0441 304.0684 15.39607802 13485
STARLINK-32811          
1 63039U 25034L   25130.43690872  .00002680  00000+0  76965-4 0  9997
2 63039  53.1599 237.6305 0000750  77.4034 282.7055 15.39612953 13623
STARLINK-32811          
1 63039U 25034L   25130.50182390  .00002586  00000+0  74622-4 0  9999
2 63039  53.1594 237.3242 0000753  74.8780 285.2308 15.39612655 12512
STARLINK-32811          
1 63039U 25034L   25130.56673531 -.00000437  00000+0 -95509-6 0  9991
2 63039  53.1595 237.0187 0001001  83.9526 276.1593 15.39627852 12525
STARLINK-32811          
1 63039U 25034L   25130.56673531 -.00000437  00000+0 -95509-6 0  9991
2 63039  53.1595 237.0187 0001001  83.9526 276.1593 15.39627852 13649
STARLINK-32811          
1 63039U 25034L   25131.02114272 -.00002486  00000+0 -52191-4 0  9999
2 63039  53.1602 234.8794 0001164  86.3803 273.7335 15.39623282 13710
STARLINK-32811          
1 63039U 25034L   25131.54046890 -.00000068  00000+0  82708-5 0  9997
2 63039  53.1607 232.4315 0001203  99.9621 260.1520 15.39610703 13798
STARLINK-32811          
1 63039U 25034L   25131.54047344 -.00000197  00000+0  50652-5 0  9998
2 63039  53.1598 232.4324 0001889 106.9092 253.2120 15.39604248 12670
STARLINK-32811          
1 63039U 25034L   25131.54047344 -.00000197  00000+0  50652-5 0  9998
2 63039  53.1598 232.4324 0001889 106.9092 253.2120 15.39604248 13794
STARLINK-32811          
1 63039U 25034L   25132.44925988  .00000858  00000+0  31427-4 0  9998
2 63039  53.1603 228.1457 0001292 108.6322 251.4823 15.39624296 13934
STARLINK-32811          
1 63039U 25034L   25132.57909890 -.00000416  00000+0 -42595-6 0  9998
2 63039  53.1607 227.5386 0001066  91.2914 268.8213 15.39612911 12839
STARLINK-32811          
1 63039U 25034L   25132.57909890 -.00000416  00000+0 -42595-6 0  9998
2 63039  53.1607 227.5386 0001066  91.2914 268.8213 15.39612911 13953
STARLINK-32811          
1 63039U 25034L   25133.61773415  .00000202  00000+0  15031-4 0  9990
2 63039  53.1599 222.6443 0000906 102.8789 257.2317 15.39614077 12999
STARLINK-32811          
1 63039U 25034L   25133.61773415  .00000202  00000+0  15031-4 0  9990
2 63039  53.1599 222.6443 0000906 102.8789 257.2317 15.39614077 14115
STARLINK-32811          
1 63039U 25034L   25134.52653366  .00000170  00000+0  14223-4 0  9999
2 63039  53.1587 218.3612 0000810  98.7299 261.3797 15.39614410 13135
STARLINK-32811          
1 63039U 25034L   25135.37038861  .00003167  00000+0  89043-4 0  9991
2 63039  53.1588 214.3858 0001204  85.2513 274.8629 15.39647859 13262
STARLINK-32811          
1 63039U 25034L   25135.37038861  .00003167  00000+0  89043-4 0  9991
2 63039  53.1588 214.3858 0001204  85.2513 274.8629 15.39647859 14386
STARLINK-32811          
1 63039U 25034L   25136.34413723 -.00001489  00000+0 -27236-4 0  9996
2 63039  53.1596 209.7971 0002332 122.3929 237.7302 15.39606055 13418
STARLINK-32811          
1 63039U 25034L   25136.34413723 -.00001489  00000+0 -27236-4 0  9996
2 63039  53.1596 209.7971 0002332 122.3929 237.7302 15.39606055 14532
STARLINK-32811          
1 63039U 25034L   25137.18802836 -.00002222  00000+0 -45589-4 0  9993
2 63039  53.1593 205.8217 0001642  53.5263 306.5893 15.39618142 14662
STARLINK-32811          
1 63039U 25034L   25137.44768387  .00001532  00000+0  48307-4 0  9996
2 63039  53.1579 204.5983 0001466  74.9325 285.1841 15.39606284 13581
STARLINK-32811          
1 63039U 25034L   25137.90208327  .00001810  00000+0  55230-4 0  9992
2 63039  53.1592 202.4571 0001277  52.9159 307.1962 15.39615592 13656
STARLINK-32811          
1 63039U 25034L   25138.55124715 -.00000225  00000+0  43691-5 0  9991
2 63039  53.1606 199.3973 0001334  94.6420 265.4737 15.39601349 13752
STARLINK-32811          
1 63039U 25034L   25138.55124715 -.00000225  00000+0  43691-5 0  9991
2 63039  53.1606 199.3973 0001334  94.6420 265.4737 15.39601349 14876
STARLINK-32811          
1 63039U 25034L   25138.87581269  .00001137  00000+0  38403-4 0  9993
2 63039  53.1599 197.8697 0001111  91.9786 268.1346 15.39611662 13808
STARLINK-32811          
1 63039U 25034L   25138.87581269  .00001137  00000+0  38403-4 0  9993
2 63039  53.1599 197.8697 0001111  91.9786 268.1346 15.39611662 14922
STARLINK-32811          
1 63039U 25034L   25139.39512613  .00000067  00000+0  11664-4 0  9999
2 63039  53.1577 195.4222 0001106  87.1645 272.9487 15.39621785 13881
STARLINK-32811          
1 63039U 25034L   25139.39512613  .00000067  00000+0  11664-4 0  9999
2 63039  53.1577 195.4222 0001106  87.1645 272.9487 15.39621785 15007
STARLINK-32811          
1 63039U 25034L   25139.84950786  .00002700  00000+0  77405-4 0  9997
2 63039  53.1608 193.2814 0001408 116.1225 243.9924 15.39640658 15078
STARLINK-32811          
1 63039U 25034L   25140.43376112 -.00001056  00000+0 -16425-4 0  9999
2 63039  53.1592 190.5291 0000974  89.8325 270.2792 15.39605107 14045
STARLINK-32811          
1 63039U 25034L   25140.43376112 -.00001056  00000+0 -16425-4 0  9999
2 63039  53.1592 190.5291 0000974  89.8325 270.2792 15.39605107 15169
STARLINK-32811          
1 63039U 25034L   25141.53731077 -.00001336  00000+0 -23426-4 0  9996
2 63039  53.1590 185.3283 0001071  96.9206 263.1921 15.39607860 14214
STARLINK-32811          
1 63039U 25034L   25141.53731077 -.00001336  00000+0 -23426-4 0  9996
2 63039  53.1590 185.3283 0001071  96.9206 263.1921 15.39607860 15338
STARLINK-32811          
1 63039U 25034L   25142.38119538  .00000999  00000+0  34970-4 0  9990
2 63039  53.1594 181.3524 0001110  81.8193 278.2937 15.39605011 14348
STARLINK-32811          
1 63039U 25034L   25142.38119538  .00000999  00000+0  34970-4 0  9990
2 63039  53.1594 181.3524 0001110  81.8193 278.2937 15.39605011 15462
STARLINK-32811          
1 63039U 25034L   25143.09525201  .00001469  00000+0  46704-4 0  9998
2 63039  53.1595 177.9864 0001096  74.4358 285.6768 15.39616261 15570
STARLINK-32811          
1 63039U 25034L   25143.35491324  .00001160  00000+0  38992-4 0  9993
2 63039  53.1597 176.7626 0001102  73.0166 287.0960 15.39614296 14491
STARLINK-32811          
1 63039U 25034L   25143.80931943  .00000425  00000+0  20603-4 0  9992
2 63039  53.1598 174.6218 0001057  79.5255 280.5869 15.39612655 14566
STARLINK-32811          
1 63039U 25034L   25143.80931943  .00000425  00000+0  20603-4 0  9992
2 63039  53.1598 174.6218 0001057  79.5255 280.5869 15.39612655 15680
STARLINK-32811          
1 63039U 25034L   25144.45846956 -.00000103  00000+0  74190-5 0  9998
2 63039  53.1592 171.5635 0001146  82.7619 277.3516 15.39611890 14662
STARLINK-32811          
1 63039U 25034L   25145.43218318  .00000510  00000+0  22737-4 0  9992
2 63039  53.1597 166.9750 0001139  85.9917 274.1218 15.39617777 14812
STARLINK-32811          
1 63039U 25034L   25145.43218318  .00000510  00000+0  22737-4 0  9992
2 63039  53.1597 166.9750 0001139  85.9917 274.1218 15.39617777 15936
STARLINK-32811          
1 63039U 25034L   25145.75675542  .00000471  00000+0  21765-4 0  9999
2 63039  53.1595 165.4457 0001125  84.9172 275.1961 15.39619234 14866
STARLINK-32811          
1 63039U 25034L   25147.31470527 -.00000400  00000+0 -11676-7 0  9996
2 63039  53.1592 158.1027 0001038  74.4588 285.6532 15.39619442 15102
STARLINK-32811          
1 63039U 25034L   25147.31470527 -.00000400  00000+0 -11676-7 0  9996
2 63039  53.1592 158.1027 0001038  74.4588 285.6532 15.39619442 16226
STARLINK-32811          
1 63039U 25034L   25148.41825050  .00000054  00000+0  11328-4 0  9997
2 63039  53.1593 152.9035 0001076  74.7634 285.3489 15.39618831 15278
STARLINK-32811          
1 63039U 25034L   25148.41825050  .00000054  00000+0  11328-4 0  9997
2 63039  53.1593 152.9035 0001076  74.7634 285.3489 15.39618831 16392
STARLINK-32811          
1 63039U 25034L   25148.74282596 -.00000208  00000+0  47676-5 0  9993
2 63039  53.1589 151.3747 0001083  77.4074 282.7052 15.39616002 15323
STARLINK-32811          
1 63039U 25034L   25149.00248956 -.00001452  00000+0 -26336-4 0  9997
2 63039  53.1599 150.1538 0001226  87.0579 273.0566 15.39614039 16484
STARLINK-32811          
1 63039U 25034L   25149.26214950 -.00000762  00000+0 -90772-5 0  9991
2 63039  53.1601 148.9302 0001266  87.6822 272.4328 15.39610118 15407
STARLINK-32811          
1 63039U 25034L   25149.71654536 -.00000071  00000+0  82140-5 0  9991
2 63039  53.1587 146.7854 0001554  91.4535 268.6648 15.39619065 15471
STARLINK-32811          
1 63039U 25034L   25149.71654536 -.00000071  00000+0  82140-5 0  9991
2 63039  53.1587 146.7854 0001554  91.4535 268.6648 15.39619065 16595
STARLINK-32811          
1 63039U 25034L   25150.36570093 -.00001276  00000+0 -21938-4 0  9995
2 63039  53.1602 143.7278 0001356  81.0789 279.0370 15.39606330 15572
STARLINK-32811          
1 63039U 25034L   25150.36570093 -.00001276  00000+0 -21938-4 0  9995
2 63039  53.1602 143.7278 0001356  81.0789 279.0370 15.39606330 16696
STARLINK-32811          
1 63039U 25034L   25150.69026803  .00028351  00000+0  71454-3 0  9994
2 63039  53.1594 142.1981 0001187  89.4720 270.6421 15.39687446 15622
STARLINK-32811          
1 63039U 25034L   25150.69026803  .00028351  00000+0  71454-3 0  9994
2 63039  53.1594 142.1981 0001187  89.4720 270.6421 15.39687446 16746
STARLINK-32811          
1 63039U 25034L   25151.20958374  .00023394  00000+0  59283-3 0  9997
2 63039  53.1576 139.7519 0001139  82.7130 277.4004 15.39629989 16822
STARLINK-32811          
1 63039U 25034L   25151.33941298  .00027345  00000+0  69076-3 0  9999
2 63039  53.1577 139.1409 0001323  65.7986 294.3157 15.39637277 15724
STARLINK-32811          
1 63039U 25034L   25151.66398566  .00028956  00000+0  73060-3 0  9996
2 63039  53.1582 137.6106 0001355  82.2092 277.9067 15.39642222 16896
STARLINK-32811          
1 63039U 25034L   25151.92364629  .00035582  00000+0  89468-3 0  9990
2 63039  53.1580 136.3892 0002416  82.3629 277.7651 15.39642290 15811
STARLINK-32811          
1 63039U 25034L   25152.18329929  .00050073  00000+0  12521-2 0  9990
2 63039  53.1577 135.1641 0000999  95.9484 264.1635 15.39656383 16977
STARLINK-32811          
1 63039U 25034L   25152.37804444  .00053139  00000+0  13282-2 0  9992
2 63039  53.1571 134.2478 0001286  96.8344 263.2807 15.39643003 15889
STARLINK-32811          
1 63039U 25034L   25152.37804444  .00053139  00000+0  13282-2 0  9992
2 63039  53.1571 134.2478 0001286  96.8344 263.2807 15.39643003 17005
STARLINK-32811          
1 63039U 25034L   25152.96226971  .00046227  00000+0  11569-2 0  9996
2 63039  53.1566 131.4934 0001256 104.8788 255.2356 15.39666410 15975
