STARLINK-32541          
1 61916U 24207E   24320.91667824 -.00465220  80013-4 -10635-2 0  9996
2 61916  43.0034 125.6722 0002418 264.9558 326.1968 15.96360258  1694
STARLINK-32541          
1 61916U 24207E   24321.16667824 -.00587076  12019-3 -13602-2 0  9995
2 61916  43.0034 124.1048 0002044 266.7214 322.8442 15.96148879  1731
STARLINK-32541          
1 61916U 24207E   24321.25002315 -.00545396  10534-3 -12707-2 0  9997
2 61916  43.0034 123.5831 0002438 267.7006  81.3631 15.96035322  1758
STARLINK-32541          
1 61916U 24207E   24321.50001157 -.00536252  10196-3 -12674-2 0  9996
2 61916  43.0032 122.0210 0002454 264.2968  82.7932 15.95770994  1780
STARLINK-32541          
1 61916U 24207E   24321.83334491 -.00527345  98626-4 -12713-2 0  9994
2 61916  43.0032 119.9392 0002036 282.9434 181.2443 15.95406264  1831
STARLINK-32541          
1 61916U 24207E   24322.16668981 -.00643153  13996-3 -15797-2 0  9992
2 61916  43.0035 117.8532 0002058 266.9706 313.9415 15.95088601  1895
STARLINK-32541          
1 61916U 24207E   24322.83334491 -.00546142  10371-3 -14006-2 0  9998
2 61916  43.0033 113.6945 0002020 279.1756 173.6542 15.94264233  1994
STARLINK-32541          
1 61916U 24207E   24322.91667824 -.00540151  10162-3 -13917-2 0  9998
2 61916  43.0032 113.1739 0002564 265.8701 305.8178 15.94173377  2010
STARLINK-32541          
1 61916U 24207E   24323.16667824 -.00669367  14863-3 -17502-2 0  9993
2 61916  43.0034 111.6119 0002076 268.3985 299.7095 15.93929190  2051
STARLINK-32541          
1 61916U 24207E   24323.50002315 -.00666745  14696-3 -17828-2 0  9991
2 61916  43.0030 109.5357 0001567 263.3602  59.6332 15.93509601  2106
STARLINK-32541          
1 61916U 24207E   24323.58334491 -.00654541  14199-3 -17606-2 0  9995
2 61916  43.0028 109.0176 0002325 262.4472 179.1114 15.93392210  2129
STARLINK-32541          
1 61916U 24207E   24323.83334491 -.00597303  12013-3 -16347-2 0  9999
2 61916  43.0031 107.4606 0002016 275.8143 161.4354 15.93053571  2150
STARLINK-32541          
1 61916U 24207E   24323.91667824 -.00608917  12422-3 -16748-2 0  9990
2 61916  43.0030 106.9408 0002043 269.8601 285.8816 15.92961762  2181
STARLINK-32541          
1 61916U 24207E   24324.16667824 -.00683260  15231-3 -19097-2 0  9993
2 61916  43.0034 105.3819 0001810 269.6652 281.3871 15.92673340  2206
STARLINK-32541          
1 61916U 24207E   24324.50001157 -.00716543  16527-3 -20483-2 0  9993
2 61916  43.0030 103.3100 0001805 276.1791  28.1743 15.92250654  2264
STARLINK-32541          
1 61916U 24207E   24324.58334491 -.00712037  16320-3 -20481-2 0  9994
2 61916  43.0026 102.7928 0002342 280.1894 142.4148 15.92128842  2280
STARLINK-32541          
1 61916U 24207E   24324.75002315 -.00674563  14768-3 -19644-2 0  9994
2 61916  43.0029 101.7565 0002114 285.4435  13.6197 15.91885542  2307
STARLINK-32541          
1 61916U 24207E   24324.91667824 -.00672335  14649-3 -19804-2 0  9995
2 61916  43.0027 100.7194 0002003 290.4722 244.7736 15.91665865  2348
STARLINK-32541          
1 61916U 24207E   24325.16667824 -.00717759  16430-3 -21514-2 0  9994
2 61916  43.0033  99.1634 0001755 285.8027 243.5718 15.91339348  2378
STARLINK-32541          
1 61916U 24207E   24325.50001157 -.00684427  00000+0 -22652-2 0  9994
2 61916  43.0030  97.0957 0001616 287.3507 353.7064 15.90891779  2420
STARLINK-32541          
1 61916U 24207E   24325.58335648 -.00697146  00000+0 -23241-2 0  9994
2 61916  43.0029  96.5792 0001718 292.5185 106.4421 15.90778323  2443
STARLINK-32541          
1 61916U 24207E   24325.83334491 -.00637519  00000+0 -21538-2 0  9992
2 61916  43.0029  95.0273 0001974 290.5748 101.6301 15.90389726  2470
STARLINK-32541          
1 61916U 24207E   24325.91668981 -.00687340  00000+0 -23462-2 0  9990
2 61916  43.0028  94.5092 0001846 290.0863 219.8718 15.90298630  2492
STARLINK-32541          
1 61916U 24207E   24326.16667824 -.00704899  00000+0 -24564-2 0  9996
2 61916  43.0029  92.9570 0001821 275.1542 227.6169 15.89935015  2521
STARLINK-32541          
1 61916U 24207E   24326.58334491 -.00708886  00000+0 -25497-2 0  9999
2 61916  43.0023  90.3784 0002154 272.3066  97.8479 15.89322097  2604
STARLINK-32541          
1 61916U 24207E   24326.91667824 -.00731999  00000+0 -27045-2 0  9997
2 61916  43.0026  88.3128 0001885 283.6121 195.7796 15.88847516  2655
STARLINK-32541          
1 61916U 24207E   24327.16667824 -.00736924  00000+0 -27792-2 0  9997
2 61916  43.0026  86.7642 0001905 280.2726 190.6782 15.88452395  2684
STARLINK-32541          
1 61916U 24207E   24327.58334491 -.00745560  00000+0 -29072-2 0  9993
2 61916  43.0023  84.1910 0002125 267.5607  68.5174 15.87806401  2769
STARLINK-32541          
1 61916U 24207E   24327.91667824 -.00746581  00000+0 -29870-2 0  9999
2 61916  43.0022  82.1293 0002077 276.5945 166.8835 15.87294934  2815
STARLINK-32541          
1 61916U 24207E   24328.16667824 -.00762809  00000+0 -31195-2 0  9991
2 61916  43.0020  80.5843 0001786 273.0967 160.5350 15.86894628  2849
STARLINK-32541          
1 61916U 24207E   24328.58334491 -.00787034  00000+0 -33372-2 0  9994
2 61916  43.0015  78.0171 0001712 286.0530  10.3454 15.86219710  2927
STARLINK-32541          
1 61916U 24207E   24328.83334491 -.00739901  00000+0 -31865-2 0  9997
2 61916  43.0018  76.4749 0001762 289.7536 355.8118 15.85793278  2956
STARLINK-32541          
1 61916U 24207E   24328.91667824 -.00777473  00000+0 -33821-2 0  9995
2 61916  43.0018  75.9603 0001903 287.3504 114.5200 15.85675014  2976
STARLINK-32541          
1 61916U 24207E   24329.16667824 -.00763565  00000+0 -33870-2 0  9994
2 61916  43.0018  74.4193 0001690 280.6144 109.9420 15.85245488  3008
STARLINK-32541          
1 61916U 24207E   24329.58334491 -.00804489  00000+0 -37081-2 0  9990
2 61916  43.0015  71.8583 0001704 282.6836 328.1628 15.84553161  3087
STARLINK-32541          
1 61916U 24207E   24329.83334491 -.00792969  00000+0 -37261-2 0  9997
2 61916  43.0015  70.3194 0001687 284.3382 314.1652 15.84127053  3106
STARLINK-32541          
1 61916U 24207E   24329.91667824 -.00830862  00000+0 -39442-2 0  9993
2 61916  43.0016  69.8061 0001986 274.9819  79.3192 15.84003741  3134
STARLINK-32541          
1 61916U 24207E   24330.50001157 -.00852199  00000+0 -42580-2 0  9995
2 61916  43.0012  66.2259 0001503 284.7365 158.9662 15.82992167  3212
STARLINK-32541          
1 61916U 24207E   24330.58334491 -.00827334  00000+0 -41539-2 0  9999
2 61916  43.0013  65.7147 0001774 282.3407 276.8239 15.82826377  3246
STARLINK-32541          
1 61916U 24207E   24330.91668981 -.00859271  00000+0 -44499-2 0  9993
2 61916  43.0015  63.6674 0001707 281.0352  19.5653 15.82253626  3299
STARLINK-32541          
1 61916U 24207E   24331.50001157 -.00860048  00000+0 -46831-2 0  9991
2 61916  43.0011  60.0970 0001522 291.1780  95.0321 15.81191248  3377
STARLINK-32541          
1 61916U 24207E   24331.91667824 -.00909679  00000+0 -51547-2 0  9999
2 61916  43.0015  57.5453 0001724 276.5472 323.7738 15.80461881  3451
STARLINK-32541          
1 61916U 24207E   24332.50002315 -.00881104  00000+0 -52411-2 0  9996
2 61916  43.0011  53.9845 0001681 283.2919  38.9327 15.79338174  3539
STARLINK-32541          
1 61916U 24207E   24332.58334491 -.00846960  00000+0 -50579-2 0  9991
2 61916  43.0014  53.4761 0001813 284.6633 151.8584 15.79162145  3565
STARLINK-32541          
1 61916U 24207E   24332.91667824 -.00931250  00000+0 -57659-2 0  9990
2 61916  43.0015  51.4398 0001901 270.9132 262.5515 15.78592866  3616
STARLINK-32541          
1 61916U 24207E   24333.50001157 -.00900732  00000+0 -58571-2 0  9992
2 61916  43.0011  47.8894 0001397 271.7416 339.5944 15.77436287  3686
STARLINK-32541          
1 61916U 24207E   24333.58334491 -.00876983  00000+0 -57307-2 0  9996
2 61916  43.0014  47.3823 0001544 277.6047  87.5188 15.77262293  3724
STARLINK-32541          
1 61916U 24207E   24333.91667824 -.00933495  00000+0 -63118-2 0  9991
2 61916  43.0015  45.3516 0001709 280.0021 179.7677 15.76653660  3778
STARLINK-32541          
1 61916U 24207E   24334.50001157 -.00693533  00000+0 -48181-2 0  9997
2 61916  43.0009  41.8113 0001570 285.8136 247.7559 15.75395941  3848
STARLINK-32541          
1 61916U 24207E   24334.83334491 -.00026560  00000+0 -17155-3 0  9991
2 61916  43.0010  39.7867 0001955 280.6525 345.3895 15.74876065  3909
STARLINK-32541          
1 61916U 24207E   24334.91667824 -.00052164  00000+0 -34070-3 0  9993
2 61916  43.0011  39.2808 0002114 280.1036  98.9647 15.74893679  3939
STARLINK-32541          
1 61916U 24207E   24335.50001157 -.00003988  00000+0 -23045-4 0  9991
2 61916  43.0004  35.7468 0001629 283.7190 166.6145 15.74863722  4005
STARLINK-32541          
1 61916U 24207E   24335.58334491  .00043208  00000+0  28512-3 0  9999
2 61916  43.0007  35.2415 0001589 275.4579 287.8857 15.74862717  4042
STARLINK-32541          
1 61916U 24207E   24335.91667824  .00006415  00000+0  45240-4 0  9992
2 61916  43.0006  33.2169 0001525 264.9496  30.5629 15.74828582  4093
STARLINK-32541          
1 61916U 24207E   24336.58334491  .00125310  00000+0  81445-3 0  9999
2 61916  43.0003  29.1775 0001601 256.9483 222.8545 15.74822159  4209
STARLINK-32541          
1 61916U 24207E   24336.83334491 -.00141468  00000+0 -93735-3 0  9996
2 61916  43.0004  27.6588 0001777 250.9018 207.9983 15.74939718  4218
STARLINK-32541          
1 61916U 24207E   24336.91667824 -.00049383  00000+0 -32245-3 0  9996
2 61916  43.0006  27.1532 0001924 242.3651 329.5850 15.74881468  4252
STARLINK-32541          
1 61916U 24207E   24337.16668981 -.00736698  00000+0 -52122-2 0  9996
2 61916  43.0002  25.6383 0001779 233.0739 318.0098 15.75097152  4265
STARLINK-32541          
1 61916U 24207E   24337.50002315 -.01331900  00000+0 -99162-2 0  9990
2 61916  43.0000  23.6192 0001578 262.4245  20.7957 15.74563663  4326
STARLINK-32541          
1 61916U 24207E   24337.58334491 -.01308696  00000+0 -98308-2 0  9998
2 61916  43.0000  23.1138 0001687 272.2644 123.8007 15.74311585  4363
STARLINK-32541          
1 61916U 24207E   24337.91667824 -.01362037  00000+0 -10716-1 0  9999
2 61916  43.0000  21.0925 0001503 271.7994 215.1742 15.73363481  4411
STARLINK-32541          
1 61916U 24207E   24338.16667824 -.01352013  00000+0 -10972-1 0  9994
2 61916  42.9995  19.5821 0001281 272.2058 192.1763 15.72628810  4426
STARLINK-32541          
1 61916U 24207E   24338.58335648 -.01296715  00000+0 -11047-1 0  9996
2 61916  42.9997  17.0677 0001444 280.1311  25.2046 15.71377566  4520
STARLINK-32541          
1 61916U 24207E   24338.83334491 -.01374710  00000+0 -12144-1 0  9990
2 61916  42.9999  15.5577 0001332 270.0172  10.8928 15.70693574  4532
STARLINK-32541          
1 61916U 24207E   24338.91668981 -.01344575  00000+0 -11978-1 0  9993
2 61916  42.9999  15.0553 0001406 273.3685 119.3531 15.70428880  4573
STARLINK-32541          
1 61916U 24207E   24339.50001157 -.01303540  00000+0 -12442-1 0  9999
2 61916  42.9998  11.5486 0001201 288.1184 164.6435 15.68696568  4639
STARLINK-32541          
1 61916U 24207E   24339.58334491 -.01303012  00000+0 -12560-1 0  9992
2 61916  42.9996  11.0474 0001149 281.9577 281.9485 15.68459156  4680
STARLINK-32541          
1 61916U 24207E   24339.83334491 -.01375341  00000+0 -13734-1 0  9998
2 61916  42.9998   9.5439 0001076 273.9725 262.9368 15.67768900  4688
STARLINK-32541          
1 61916U 24207E   24339.91668981 -.01335306  00000+0 -13433-1 0  9994
2 61916  42.9996   9.0439 0001235 264.9645  22.8780 15.67497990  4734
STARLINK-32541          
1 61916U 24207E   24340.58334491 -.01299131  00000+0 -14113-1 0  9996
2 61916  42.9994   5.0533 0001334 287.6361 164.3482 15.65533571  4847
STARLINK-32541          
1 61916U 24207E   24340.83335648 -.01386081  00000+0 -15315-1 0  9995
2 61916  42.9998   3.5568 0001361 275.9649 146.4501 15.64837498  4848
STARLINK-32541          
1 61916U 24207E   24340.91667824 -.01336979  00000+0 -15151-1 0  9997
2 61916  42.9995   3.0591 0001181 269.8960 262.4383 15.64575317  4895
STARLINK-32541          
1 61916U 24207E   24341.50001157 -.01281059  00000+0 -15478-1 0  9994
2 61916  42.9997 359.5829 0001253 280.4405 299.6786 15.62836412  4942
STARLINK-32541          
1 61916U 24207E   24341.66667824 -.01376535  00000+0 -16745-1 0  9992
2 61916  42.9995 358.5885 0001485 283.6737 155.1328 15.62401660  5011
STARLINK-32541          
1 61916U 24207E   24341.91668981 -.01344570  00000+0 -16810-1 0  9992
2 61916  42.9996 357.1002 0001488 271.5245 134.8759 15.61641232  5013
STARLINK-32541          
1 61916U 24207E   24342.50002315 -.01303965  00000+0 -17379-1 0  9995
2 61916  42.9995 353.6388 0001356 286.3231 161.6964 15.59915368  5100
STARLINK-32541          
1 61916U 24207E   24342.58335648 -.01347821  00000+0 -18175-1 0  9995
2 61916  42.9993 353.1439 0001245 280.3009 276.2173 15.59701896  5164
STARLINK-32541          
1 61916U 24207E   24342.83335648 -.01369424  00000+0 -19021-1 0  9997
2 61916  42.9995 351.6606 0001169 271.7223 249.8912 15.58976655  5154
STARLINK-32541          
1 61916U 24207E   24342.91668981 -.01336908  00000+0 -18709-1 0  9998
2 61916  42.9993 351.1671 0001304 263.6292   6.2076 15.58712730  5211
STARLINK-32541          
1 61916U 24207E   24343.50001157 -.01311848  00000+0 -19556-1 0  9997
2 61916  42.9993 347.7210 0001266 273.4669  31.7613 15.56996257  5266
STARLINK-32541          
1 61916U 24207E   24343.58334491 -.01343018  00000+0 -20238-1 0  9998
2 61916  42.9992 347.2280 0001317 280.8645 131.9861 15.56774752  5329
STARLINK-32541          
1 61916U 24207E   24343.83334491 -.01354806  00000+0 -21004-1 0  9995
2 61916  42.9995 345.7514 0001347 265.7711 109.5367 15.56042629  5316
STARLINK-32541          
1 61916U 24207E   24343.91667824 -.01339780  00000+0 -20945-1 0  9990
2 61916  42.9992 345.2604 0001145 268.9238 213.7237 15.55789316  5373
STARLINK-32541          
1 61916U 24207E   24344.50001157 -.01311048  00000+0 -21794-1 0  9997
2 61916  42.9994 341.8289 0001078 276.9184 235.0239 15.54073121  5413
STARLINK-32541          
1 61916U 24207E   24344.58334491 -.01361671  00000+0 -22904-1 0  9996
2 61916  42.9994 341.3380 0001219 267.2889 351.3927 15.53861870  5480
STARLINK-32541          
1 61916U 24207E   24344.91667824 -.01323999  00000+0 -23037-1 0  9991
2 61916  42.9993 339.3794 0001347 260.0571  64.9086 15.52855341  5484
STARLINK-32541          
1 61916U 24207E   24345.50001157 -.00502250  00000+0 -90185-2 0  9995
2 61916  42.9994 335.9625 0001196 286.6365  61.5032 15.50883591  5577
STARLINK-32541          
1 61916U 24207E   24345.58334491 -.00182556  00000+0 -31716-2 0  9991
2 61916  42.9993 335.4736 0001375 288.6225 165.3721 15.50644281  5647
STARLINK-32541          
1 61916U 24207E   24345.83334491  .00091418  00000+0  15503-2 0  9999
2 61916  42.9992 334.0104 0001196 285.5966 125.6088 15.50500179  5629
STARLINK-32541          
1 61916U 24207E   24345.91667824  .00090085  00000+0  15274-2 0  9991
2 61916  42.9991 333.5234 0001117 287.0043 229.9103 15.50511890  5697
STARLINK-32541          
1 61916U 24207E   24346.58334491 -.00088474  00000+0 -15153-2 0  9993
2 61916  42.9989 329.6250 0001082 288.3934 354.3433 15.50654468  5803
STARLINK-32541          
1 61916U 24207E   24346.91667824  .00022708  00000+0  39205-3 0  9990
2 61916  42.9987 327.6749 0001028 265.1332  80.5900 15.50559415  5798
STARLINK-32541          
1 61916U 24207E   24346.91667824  .00022708  00000+0  39205-3 0  9990
2 61916  42.9987 327.6749 0001028 265.1332  80.5900 15.50559415  5855
STARLINK-32541          
1 61916U 24207E   24347.58334491 -.00018556  00000+0 -31105-3 0  9994
2 61916  42.9988 323.7765 0001199 267.4567 204.0874 15.50594731  5960
STARLINK-32541          
1 61916U 24207E   24347.83334491  .00010735  00000+0  18863-3 0  9997
2 61916  42.9987 322.3138 0001249 257.9170 170.8323 15.50567199  5932
STARLINK-32541          
1 61916U 24207E   24347.91667824  .00030381  00000+0  52201-3 0  9998
2 61916  42.9986 321.8270 0001190 256.7413 277.7375 15.50561030  6016
STARLINK-32541          
1 61916U 24207E   24348.58334491 -.00043930  00000+0 -74655-3 0  9996
2 61916  42.9990 317.9281 0001412 268.0051  32.2995 15.50602761  6042
STARLINK-32541          
1 61916U 24207E   24348.91667824  .00051524  00000+0  87915-3 0  9991
2 61916  42.9989 315.9788 0001341 255.7487 107.4951 15.50551879  6104
STARLINK-32541          
1 61916U 24207E   24349.04494496  .00000180  00000+0  88934-5 0  9995
2 61916  43.0018 315.2272 0001058 263.8547  96.2192 15.50574331  6124
STARLINK-32541          
1 61916U 24207E   24349.30260240  .00000812  00000+0  19660-4 0  9993
2 61916  43.0007 313.7220 0000910 280.8141  79.2617 15.50577579  5740
STARLINK-32541          
1 61916U 24207E   24349.94689283 -.00036176  00000+0 -61130-3 0  9997
2 61916  43.0019 309.9557 0003248 211.8081 148.2583 15.50680618  6263
STARLINK-32541          
1 61916U 24207E   24351.10719448 -.00172148  00000+0 -31352-2 0  9997
2 61916  42.9992 303.1897 0002846 205.1708 154.9014 15.49271095  6445
STARLINK-32541          
1 61916U 24207E   24351.50001157 -.01529150  00000+0 -35201-1 0  9998
2 61916  42.9992 300.9156 0001427 275.0208 107.8388 15.44907817  6504
STARLINK-32541          
1 61916U 24207E   24351.58335648 -.01546293  00000+0 -35964-1 0  9994
2 61916  42.9995 300.4320 0001207 274.9023 211.9983 15.44645280  6000
STARLINK-32541          
1 61916U 24207E   24351.91667824 -.01516485  00000+0 -36554-1 0  9991
2 61916  42.9992 298.5031 0001046 265.6417 276.2929 15.43542822  6054
STARLINK-32541          
1 61916U 24207E   24352.25001157 -.01474979  00000+0 -36815-1 0  9991
2 61916  42.9994 296.5777 0001204 273.8203 321.9098 15.42430818  6629
STARLINK-32541          
1 61916U 24207E   24352.58334491 -.01545416  00000+0 -40142-1 0  9990
2 61916  42.9996 294.6511 0001456 265.8694  22.3325 15.41393749  6018
STARLINK-32541          
1 61916U 24207E   24352.83334491 -.01492187  00000+0 -39725-1 0  9999
2 61916  42.9991 293.2107 0001299 260.8743 335.8461 15.40549545  6710
STARLINK-32541          
1 61916U 24207E   24352.91667824 -.01528067  00000+0 -41225-1 0  9992
2 61916  42.9992 292.7316 0000962 231.7445 107.7688 15.40229468  6063
STARLINK-32541          
1 61916U 24207E   24353.25001157 -.01410887  00000+0 -39160-1 0  9996
2 61916  42.9995 290.8156 0000988 258.3402 130.9660 15.39126931  6778
STARLINK-32541          
1 61916U 24207E   24353.58334491 -.01534812  00000+0 -44396-1 0  9994
2 61916  42.9996 288.8983 0001167 264.5971 173.2353 15.38138734  6035
STARLINK-32541          
1 61916U 24207E   24353.91668981 -.01526235  00000+0 -45728-1 0  9995
2 61916  42.9992 286.9885 0001020 265.8725 219.2954 15.37048650  6876
STARLINK-32541          
1 61916U 24207E   24354.25001157 -.01448677  00000+0 -44782-1 0  9991
2 61916  42.9994 285.0816 0001107 275.1461 255.9351 15.35918318  6052
STARLINK-32541          
1 61916U 24207E   24354.58334491 -.01531650  00000+0 -49241-1 0  9996
2 61916  42.9996 283.1738 0001260 260.4883 315.2426 15.34886078  5947
STARLINK-32541          
1 61916U 24207E   24354.91667824 -.01527790  00000+0 -50847-1 0  9996
2 61916  42.9993 281.2738 0001324 256.9617   2.1280 15.33798388  7036
STARLINK-32541          
1 61916U 24207E   24355.16667824 -.00852102  00000+0 -28624-1 0  9999
2 61916  42.9994 279.8501 0001491 272.8765 287.9245 15.32730923  7072
STARLINK-32541          
1 61916U 24207E   24355.58334491 -.00037962  00000+0 -11963-2 0  9994
2 61916  42.9994 277.4768 0001795 261.4546  80.5722 15.32113183  5965
STARLINK-32541          
1 61916U 24207E   24355.58334491 -.00037962  00000+0 -11963-2 0  9994
2 61916  42.9994 277.4768 0001795 261.4546  80.5722 15.32113183  7136
STARLINK-32541          
1 61916U 24207E   24355.91667824 -.00013296  00000+0 -41201-3 0  9993
2 61916  42.9992 275.5832 0001539 265.1351 117.5618 15.32109496  6019
STARLINK-32541          
1 61916U 24207E   24356.25001157  .00106633  00000+0  33354-2 0  9997
2 61916  42.9992 273.6877 0001503 273.6075 149.8036 15.32048737  7232
STARLINK-32541          
1 61916U 24207E   24356.58335648 -.00091281  00000+0 -29081-2 0  9994
2 61916  42.9993 271.7895 0001538 257.5117 206.6346 15.32128576  7289
STARLINK-32541          
1 61916U 24207E   24356.66668981 -.00009309  00000+0 -28600-3 0  9999
2 61916  42.9990 271.3155 0001538 254.7580 309.5767 15.32078105  6050
STARLINK-32541          
1 61916U 24207E   24356.91668981 -.00012506  00000+0 -38720-3 0  9994
2 61916  42.9991 269.8960 0001431 252.8147 252.0046 15.32092329  7335
STARLINK-32541          
1 61916U 24207E   24357.50001157 -.00096455  00000+0 -30727-2 0  9999
2 61916  42.9992 266.5762 0001538 262.7090 223.2139 15.32158027  7426
STARLINK-32541          
1 61916U 24207E   24357.58334491 -.00083235  00000+0 -26476-2 0  9995
2 61916  42.9991 266.1021 0001555 263.2743 322.8364 15.32135167  6031
STARLINK-32541          
1 61916U 24207E   24357.91667824 -.00020875  00000+0 -65271-3 0  9999
2 61916  42.9989 264.2088 0001419 272.1899 354.6051 15.32099613  5928
STARLINK-32541          
1 61916U 24207E   24358.25002315  .00121389  00000+0  37870-2 0  9998
2 61916  42.9989 262.3126 0001584 281.0724  26.4818 15.32059234  7549
STARLINK-32541          
1 61916U 24207E   24358.50001157 -.00148811  00000+0 -47738-2 0  9994
2 61916  42.9992 260.8888 0001541 265.7070 342.2804 15.32189199  7589
STARLINK-32541          
1 61916U 24207E   24358.58334491 -.00103726  00000+0 -33094-2 0  9998
2 61916  42.9989 260.4147 0001542 263.8723  84.3046 15.32146491  6033
STARLINK-32541          
1 61916U 24207E   24358.91667824 -.00009676  00000+0 -29750-3 0  9998
2 61916  42.9988 258.5215 0001445 262.7045 126.1644 15.32090898  7649
STARLINK-32541          
1 61916U 24207E   24359.43301020 -.00000239  00000+0  11522-5 0  9994
2 61916  43.0026 255.5827 0002123 261.1649  98.8964 15.32094784  7308
STARLINK-32541          
1 61916U 24207E   24359.43301020 -.00000239  00000+0  11522-5 0  9994
2 61916  43.0026 255.5827 0002123 261.1649  98.8964 15.32094784  7724
STARLINK-32541          
1 61916U 24207E   24360.01974964 -.00001006  00000+0 -23100-4 0  9991
2 61916  43.0006 252.2452 0001632 270.2231  89.8435 15.32100527  7391
STARLINK-32541          
1 61916U 24207E   24361.06284109  .00000643  00000+0  29023-4 0  9996
2 61916  42.9996 246.3133 0001396 238.6784 121.3933 15.32096608  7552
STARLINK-32541          
1 61916U 24207E   24361.06284109  .00000643  00000+0  29023-4 0  9996
2 61916  42.9996 246.3133 0001396 238.6784 121.3933 15.32096608  7978
STARLINK-32541          
1 61916U 24207E   24361.38880656  .00000768  00000+0  32942-4 0  9992
2 61916  43.0008 244.4598 0000766 274.1108  85.9658 15.32098055  7600
STARLINK-32541          
1 61916U 24207E   24361.71477487  .00000415  00000+0  21806-4 0  9999
2 61916  43.0010 242.6058 0000112 309.2472  50.8371 15.32101339  7651
STARLINK-32541          
1 61916U 24207E   24362.36671123 -.00000599  00000+0 -10231-4 0  9999
2 61916  43.0001 238.8975 0001485 282.1145  77.9542 15.32091204  7756
STARLINK-32541          
1 61916U 24207E   24362.36671123 -.00000599  00000+0 -10231-4 0  9999
2 61916  43.0001 238.8975 0001485 282.1145  77.9542 15.32091204  8173
STARLINK-32541          
1 61916U 24207E   24362.95344653  .00000269  00000+0  17202-4 0  9996
2 61916  43.0005 235.5595 0001651 278.2325  81.8341 15.32093202  7844
STARLINK-32541          
1 61916U 24207E   24363.34459663 -.00003767  00000+0 -11030-3 0  9998
2 61916  43.0014 233.3354 0001529 288.3447  71.7240 15.32120336  7906
STARLINK-32541          
1 61916U 24207E   24363.34459663 -.00003767  00000+0 -11030-3 0  9998
2 61916  43.0014 233.3354 0001529 288.3447  71.7240 15.32120336  8323
STARLINK-32541          
1 61916U 24207E   24364.64846420 -.00000184  00000+0  28766-5 0  9998
2 61916  43.0011 225.9222 0001464 273.1633  86.9052 15.32102791  8524
STARLINK-32541          
1 61916U 24207E   24364.90923608  .00000835  00000+0  35070-4 0  9998
2 61916  43.0004 224.4384 0001377 274.2748  85.7948 15.32098785  8147
STARLINK-32541          
1 61916U 24207E   24364.97443611 -.00000559  00000+0 -89504-5 0  9993
2 61916  43.0016 224.0688 0001418 277.7207  82.3486 15.32092661  8571
STARLINK-32541          
1 61916U 24207E   24365.30039756 -.00000078  00000+0  62372-5 0  9991
2 61916  43.0017 222.2146 0001486 279.2735  80.7950 15.32098687  8201
STARLINK-32541          
1 61916U 24207E   24365.30039756 -.00000078  00000+0  62372-5 0  9991
2 61916  43.0017 222.2146 0001486 279.2735  80.7950 15.32098687  8627
STARLINK-32541          
1 61916U 24207E   24366.60426866 -.00002023  00000+0 -55259-4 0  9995
2 61916  43.0015 214.8005 0001629 267.7336  92.3331 15.32092879  8409
STARLINK-32541          
1 61916U 24207E   24366.60426866 -.00002023  00000+0 -55259-4 0  9995
2 61916  43.0015 214.8005 0001629 267.7336  92.3331 15.32092879  8825
STARLINK-32541          
1 61916U 24207E   24366.86504718 -.00000711  00000+0 -13762-4 0  9991
2 61916  43.0017 213.3179 0001580 271.3304  88.7368 15.32081508  8449
STARLINK-32541          
1 61916U 24207E   24366.86504718 -.00000711  00000+0 -13762-4 0  9991
2 61916  43.0017 213.3179 0001580 271.3304  88.7368 15.32081508  8865
STARLINK-32541          
1 61916U 24207E   25001.90811603  .00001125  00000+0  44230-4 0  9999
2 61916  42.9984 207.3865 0000738 253.7244 106.3528 15.32108403  9020
STARLINK-32541          
1 61916U 24207E   25002.88605315 -.00003880  00000+0 -11409-3 0  9991
2 61916  43.0009 201.8243 0001811 262.1823  97.8825 15.32064921  9175
STARLINK-32541          
1 61916U 24207E   25003.53797890 -.00001839  00000+0 -49463-4 0  9998
2 61916  43.0002 198.1180 0001817 250.1704 109.8953 15.32072837  8852
STARLINK-32541          
1 61916U 24207E   25003.79874905 -.00001118  00000+0 -26656-4 0  9998
2 61916  43.0005 196.6340 0002015 245.8967 114.1676 15.32076916  9314
STARLINK-32541          
1 61916U 24207E   25003.92913645 -.00001015  00000+0 -23379-4 0  9993
2 61916  42.9999 195.8940 0001422 233.0658 127.0065 15.32077484  8919
STARLINK-32541          
1 61916U 24207E   25004.51585407  .00005767  00000+0  19087-3 0  9996
2 61916  42.9999 192.5576 0001897 257.9083 102.1558 15.32085844  9428
STARLINK-32541          
1 61916U 24207E   25004.58104259  .00006217  00000+0  20502-3 0  9990
2 61916  43.0002 192.1865 0002012 260.3007  99.7619 15.32090275  9014
STARLINK-32541          
1 61916U 24207E   25004.84181524  .00005809  00000+0  19213-3 0  9992
2 61916  42.9996 190.7040 0001968 263.4334  96.6295 15.32093073  9058
STARLINK-32541          
1 61916U 24207E   25004.84181524  .00005809  00000+0  19213-3 0  9992
2 61916  42.9996 190.7040 0001968 263.4334  96.6295 15.32093073  9474
STARLINK-32541          
1 61916U 24207E   25005.49374473  .00001779  00000+0  64871-4 0  9994
2 61916  42.9992 186.9961 0002096 268.3854  91.6759 15.32109876  9157
STARLINK-32541          
1 61916U 24207E   25005.81971960 -.00001393  00000+0 -35288-4 0  9998
2 61916  43.0024 185.1448 0002776 274.5428  85.5108 15.32107666  9624
STARLINK-32541          
1 61916U 24207E   25006.53685124 -.00004735  00000+0 -14093-3 0  9995
2 61916  42.9979 181.0628 0002573 265.4640  94.5920 15.32107706  9319
STARLINK-32541          
1 61916U 24207E   25006.53685124 -.00004735  00000+0 -14093-3 0  9995
2 61916  42.9979 181.0628 0002573 265.4640  94.5920 15.32107706  9735
STARLINK-32541          
1 61916U 24207E   25006.86280997 -.00003351  00000+0 -97176-4 0  9997
2 61916  43.0012 179.2109 0002036 275.8496  84.2126 15.32112346  9365
STARLINK-32541          
1 61916U 24207E   25006.86280997 -.00003351  00000+0 -97176-4 0  9997
2 61916  43.0012 179.2109 0002036 275.8496  84.2126 15.32112346  9781
STARLINK-32541          
1 61916U 24207E   25007.51474515  .00001068  00000+0  42462-4 0  9990
2 61916  42.9999 175.5048 0002077 274.6237  85.4379 15.32088910  9466
STARLINK-32541          
1 61916U 24207E   25007.51474515  .00001068  00000+0  42462-4 0  9990
2 61916  42.9999 175.5048 0002077 274.6237  85.4379 15.32088910  9882
STARLINK-32541          
1 61916U 24207E   25007.77551721  .00001164  00000+0  45493-4 0  9997
2 61916  42.9985 174.0207 0001832 274.0692  85.9952 15.32091966  9501
STARLINK-32541          
1 61916U 24207E   25008.49263905  .00000436  00000+0  22489-4 0  9992
2 61916  43.0007 169.9412 0001651 267.5817  92.4847 15.32100022  9616
STARLINK-32541          
1 61916U 24207E   25008.62302610  .00000238  00000+0  16228-4 0  9998
2 61916  43.0008 169.1989 0001734 264.1128  95.9528 15.32098373  9639
STARLINK-32541          
1 61916U 24207E   25009.14457164  .00002499  00000+0  87671-4 0  9992
2 61916  43.0012 166.2329 0001761 263.1470  96.9183 15.32088680  9716
STARLINK-32541          
1 61916U 24207E   25009.73130725 -.00000675  00000+0 -12609-4 0  9993
2 61916  43.0025 162.8968 0001894 262.9365  97.1273 15.32100771 10225
STARLINK-32541          
1 61916U 24207E   25009.73130725 -.00000675  00000+0 -12609-4 0  9993
2 61916  43.0025 162.8968 0001894 262.9365  97.1273 15.32100771  9807
STARLINK-32541          
1 61916U 24207E   25010.57881810 -.00000545  00000+0 -85107-5 0  9995
2 61916  43.0029 158.0782 0001967 265.5606  94.5023 15.32097696  9939
STARLINK-32541          
1 61916U 24207E   25011.55671948 -.00000609  00000+0 -10549-4 0  9991
2 61916  43.0021 152.5192 0001754 276.0430  84.0223 15.32093784 10089
STARLINK-32541          
1 61916U 24207E   25011.68710591  .00000090  00000+0  11556-4 0  9994
2 61916  43.0020 151.7781 0001514 284.2419  75.8266 15.32092442 10103
STARLINK-32541          
1 61916U 24207E   25012.07825912 -.00004491  00000+0 -13321-3 0  9994
2 61916  43.0017 149.5524 0001455 275.1050  84.9637 15.32116274 10162
STARLINK-32541          
1 61916U 24207E   25012.07825912 -.00004491  00000+0 -13321-3 0  9994
2 61916  43.0017 149.5524 0001455 275.1050  84.9637 15.32116274 10588
STARLINK-32541          
1 61916U 24207E   25012.66500656  .00000164  00000+0  13892-4 0  9999
2 61916  43.0023 146.2169 0001320 279.1965  80.8739 15.32089477 10250
STARLINK-32541          
1 61916U 24207E   25012.66500656  .00000164  00000+0  13892-4 0  9999
2 61916  43.0023 146.2169 0001320 279.1965  80.8739 15.32089477 10676
STARLINK-32541          
1 61916U 24207E   25013.05605543  .00017222  00000+0  54957-3 0  9993
2 61916  43.0019 143.9923 0002680 279.9430  80.1121 15.32216640 10311
STARLINK-32541          
1 61916U 24207E   25013.05605543  .00017222  00000+0  54957-3 0  9993
2 61916  43.0019 143.9923 0002680 279.9430  80.1121 15.32216640 10737
STARLINK-32541          
1 61916U 24207E   25013.77328703  .00002237  00000+0  79367-4 0  9995
2 61916  43.0024 139.9137 0001336 267.8310  92.2390 15.32090240 10429
STARLINK-32541          
1 61916U 24207E   25013.77328703  .00002237  00000+0  79367-4 0  9995
2 61916  43.0024 139.9137 0001336 267.8310  92.2390 15.32090240 10845
STARLINK-32541          
1 61916U 24207E   25014.03405965 -.00000198  00000+0  24314-5 0  9999
2 61916  43.0024 138.4303 0001388 271.6831  88.3863 15.32097562 10465
STARLINK-32541          
1 61916U 24207E   25014.68599229 -.00000363  00000+0 -27707-5 0  9991
2 61916  43.0005 134.7238 0001533 269.2963  90.7715 15.32097415 10562
STARLINK-32541          
1 61916U 24207E   25015.72908123 -.00000129  00000+0  46216-5 0  9999
2 61916  42.9998 128.7926 0001431 263.6699  96.3992 15.32098727 10723
STARLINK-32541          
1 61916U 24207E   25015.72908123 -.00000129  00000+0  46216-5 0  9999
2 61916  42.9998 128.7926 0001431 263.6699  96.3992 15.32098727 11140
STARLINK-32541          
1 61916U 24207E   25016.31581917 -.00003046  00000+0 -87540-4 0  9999
2 61916  42.9996 125.4533 0001562 282.4664  77.6015 15.32110463 10815
STARLINK-32541          
1 61916U 24207E   25017.29372057 -.00000365  00000+0 -28341-5 0  9996
2 61916  42.9991 119.8959 0000575 298.5864  61.4931 15.32100070 11386
STARLINK-32541          
1 61916U 24207E   25017.55449192 -.00000135  00000+0  44269-5 0  9991
2 61916  43.0041 118.4142 0001484 266.3305  93.7378 15.32097810 11005
STARLINK-32541          
1 61916U 24207E   25018.40200870 -.00000295  00000+0 -62170-6 0  9994
2 61916  43.0064 113.5983 0001115 257.1361 102.9368 15.32093999 11556
STARLINK-32541          
1 61916U 24207E   25018.53239188 -.00000123  00000+0  48126-5 0  9995
2 61916  42.9996 112.8468 0001738 259.4207 100.6451 15.32095401 11157
STARLINK-32541          
1 61916U 24207E   25018.66277452  .00000662  00000+0  29605-4 0  9992
2 61916  42.9999 112.1125 0000735 291.9965  68.0810 15.32102758 11173
STARLINK-32541          
1 61916U 24207E   25018.66277452  .00000662  00000+0  29605-4 0  9992
2 61916  42.9999 112.1125 0000735 291.9965  68.0810 15.32102758 11599
STARLINK-32541          
1 61916U 24207E   25019.57548743 -.00000243  00000+0  10189-5 0  9991
2 61916  43.0021 106.9204 0001470 254.2649 105.8042 15.32091007 11315
STARLINK-32541          
1 61916U 24207E   25019.64068078 -.00000197  00000+0  24865-5 0  9991
2 61916  43.0015 106.5494 0001302 248.0922 111.9793 15.32090852 11323
STARLINK-32541          
1 61916U 24207E   25019.64068078 -.00000197  00000+0  24865-5 0  9991
2 61916  43.0015 106.5494 0001302 248.0922 111.9793 15.32090852 11749
STARLINK-32541          
1 61916U 24207E   25020.29259531  .00000833  00000+0  35002-4 0  9990
2 61916  43.0009 102.8435 0001151 269.0715  91.0006 15.32114107 11421
STARLINK-32541          
1 61916U 24207E   25020.29259531  .00000833  00000+0  35002-4 0  9990
2 61916  43.0009 102.8435 0001151 269.0715  91.0006 15.32114107 11847
STARLINK-32541          
1 61916U 24207E   25020.48819825 -.00002081  00000+0 -57095-4 0  9994
2 61916  42.9987 101.7327 0000904 284.3259  75.7494 15.32083781 11456
STARLINK-32541          
1 61916U 24207E   25020.48819825 -.00002081  00000+0 -57095-4 0  9994
2 61916  42.9987 101.7327 0000904 284.3259  75.7494 15.32083781 11872
STARLINK-32541          
1 61916U 24207E   25021.46608809 -.00000737  00000+0 -14589-4 0  9998
2 61916  43.0030  96.1675 0001544 247.3394 112.7296 15.32095219 11608
STARLINK-32541          
1 61916U 24207E   25021.46608809 -.00000737  00000+0 -14589-4 0  9998
2 61916  43.0030  96.1675 0001544 247.3394 112.7296 15.32095219 12025
STARLINK-32541          
1 61916U 24207E   25022.18321462 -.00005375  00000+0 -16119-3 0  9998
2 61916  42.9983  92.0898 0000860 230.7813 129.2964 15.32116403 11713
STARLINK-32541          
1 61916U 24207E   25022.18321462 -.00005375  00000+0 -16119-3 0  9998
2 61916  42.9983  92.0898 0000860 230.7813 129.2964 15.32116403 12130
STARLINK-32541          
1 61916U 24207E   25023.16111260  .00000158  00000+0  13704-4 0  9990
2 61916  42.9992  86.5282 0002072 245.1666 114.8972 15.32092692 11869
STARLINK-32541          
1 61916U 24207E   25023.16111260  .00000158  00000+0  13704-4 0  9990
2 61916  42.9992  86.5282 0002072 245.1666 114.8972 15.32092692 12286
STARLINK-32541          
1 61916U 24207E   25024.20418439  .00001443  00000+0  54260-4 0  9994
2 61916  42.9987  80.5963 0001751 238.4754 121.5929 15.32110806 12023
STARLINK-32541          
1 61916U 24207E   25024.20418439  .00001443  00000+0  54260-4 0  9994
2 61916  42.9987  80.5963 0001751 238.4754 121.5929 15.32110806 12449
STARLINK-32541          
1 61916U 24207E   25024.85614246 -.00001939  00000+0 -52595-4 0  9990
2 61916  42.9996  76.8943 0001723 268.2343  91.8313 15.32081932 12127
STARLINK-32541          
1 61916U 24207E   25025.18210817 -.00001069  00000+0 -25092-4 0  9999
2 61916  43.0051  75.0421 0002177 274.9068  85.1536 15.32081751 12598
STARLINK-32541          
1 61916U 24207E   25025.50806472 -.00001316  00000+0 -32874-4 0  9994
2 61916  43.0032  73.1865 0001769 287.8435  72.2225 15.32105065 12222
STARLINK-32541          
1 61916U 24207E   25025.50806472 -.00001316  00000+0 -32874-4 0  9994
2 61916  43.0032  73.1865 0001769 287.8435  72.2225 15.32105065 12648
STARLINK-32541          
1 61916U 24207E   25026.16000608  .00015942  00000+0  51283-3 0  9996
2 61916  43.0024  69.4779 0001251 293.5154  66.5567 15.32006095 12748
STARLINK-32541          
1 61916U 24207E   25026.55117344  .00010445  00000+0  33889-3 0  9990
2 61916  43.0029  67.2545 0001458 299.8634  60.2074 15.32039245 12388
STARLINK-32541          
1 61916U 24207E   25026.55117344  .00010445  00000+0  33889-3 0  9990
2 61916  43.0029  67.2545 0001458 299.8634  60.2074 15.32039245 12805
STARLINK-32541          
1 61916U 24207E   25027.13789349  .00000241  00000+0  16319-4 0  9998
2 61916  43.0052  63.9145 0001220 280.7701  79.3015 15.32102468 12478
STARLINK-32541          
1 61916U 24207E   25027.13789349  .00000241  00000+0  16319-4 0  9998
2 61916  43.0052  63.9145 0001220 280.7701  79.3015 15.32102468 12894
STARLINK-32541          
1 61916U 24207E   25028.50695121 -.00000154  00000+0  38443-5 0  9991
2 61916  43.0075  56.1267 0001100 286.1754  73.8978 15.32100903 12689
STARLINK-32541          
1 61916U 24207E   25029.41966592  .00007986  00000+0  26111-3 0  9991
2 61916  43.0072  50.9374 0000945 293.6850  66.3904 15.32056164 13241
STARLINK-32541          
1 61916U 24207E   25029.55004336  .00000548  00000+0  26024-4 0  9996
2 61916  43.0061  50.1961 0000924 275.6329  84.4419 15.32094886 12841
STARLINK-32541          
1 61916U 24207E   25029.74562715 -.00001333  00000+0 -33449-4 0  9991
2 61916  43.0051  49.0835 0000819 256.0718 104.0044 15.32094762 13291
STARLINK-32541          
1 61916U 24207E   25029.94120260 -.00005317  00000+0 -15936-3 0  9994
2 61916  43.0039  47.9727 0000802 270.3358  89.7404 15.32113809 12905
STARLINK-32541          
1 61916U 24207E   25030.52793499 -.00010974  00000+0 -33811-3 0  9997
2 61916  43.0027  44.6369 0000802 253.1669 106.9096 15.32142260 12993
STARLINK-32541          
1 61916U 24207E   25030.52793499 -.00010974  00000+0 -33811-3 0  9997
2 61916  43.0027  44.6369 0000802 253.1669 106.9096 15.32142260 13411
STARLINK-32541          
1 61916U 24207E   25031.04948657 -.00001420  00000+0 -36186-4 0  9998
2 61916  43.0028  41.6738 0000563 244.9061 115.1734 15.32108845 13497
STARLINK-32541          
1 61916U 24207E   25031.37545720 -.00000119  00000+0  49205-5 0  9998
2 61916  43.0035  39.8194 0000476  15.7221 344.3647 15.32099581 13120
STARLINK-32541          
1 61916U 24207E   25031.70141752 -.00001718  00000+0 -45598-4 0  9999
2 61916  43.0036  37.9663 0001004 264.7009  95.3730 15.32106506 13176
STARLINK-32541          
1 61916U 24207E   25032.41854164  .00000479  00000+0  23820-4 0  9991
2 61916  43.0036  33.8879 0000869 256.0124 104.0633 15.32101777 13287
STARLINK-32541          
1 61916U 24207E   25032.41854164  .00000479  00000+0  23820-4 0  9991
2 61916  43.0036  33.8879 0000869 256.0124 104.0633 15.32101777 13704
STARLINK-32541          
1 61916U 24207E   25033.07046862  .00003465  00000+0  11816-3 0  9991
2 61916  43.0050  30.1791 0000903 252.8202 107.2552 15.32091925 13385
STARLINK-32541          
1 61916U 24207E   25034.37433193  .00001162  00000+0  45402-4 0  9993
2 61916  43.0034  22.7648 0001156 254.1133 105.9593 15.32113952 13581
STARLINK-32541          
1 61916U 24207E   25034.37433193  .00001162  00000+0  45402-4 0  9993
2 61916  43.0034  22.7648 0001156 254.1133 105.9593 15.32113952 14009
STARLINK-32541          
1 61916U 24207E   25035.02627106  .00001757  00000+0  64210-4 0  9993
2 61916  43.0021  19.0568 0001752 286.5999  73.4662 15.32092258 14108
STARLINK-32541          
1 61916U 24207E   25035.22185297  .00001717  00000+0  62965-4 0  9996
2 61916  43.0029  17.9447 0001078 258.9001 101.1731 15.32089709 13716
STARLINK-32541          
1 61916U 24207E   25036.19975743 -.00002414  00000+0 -67625-4 0  9991
2 61916  43.0025  12.3829 0001408 248.4599 111.6104 15.32094035 14289
STARLINK-32541          
1 61916U 24207E   25036.91687738  .00000289  00000+0  17845-4 0  9990
2 61916  43.0058   8.3085 0001830 279.1571  80.9075 15.32093935 14399
STARLINK-32541          
1 61916U 24207E   25037.24284202  .00000102  00000+0  11934-4 0  9993
2 61916  43.0044   6.4529 0001358 258.7288 101.3413 15.32095897 14022
STARLINK-32541          
1 61916U 24207E   25038.61190163 -.00000209  00000+0  21117-5 0  9991
2 61916  43.0050 358.6688 0001395 261.1047  98.9648 15.32093135 14236
STARLINK-32541          
1 61916U 24207E   25039.26383395 -.00000008  00000+0  84537-5 0  9996
2 61916  43.0050 354.9618 0001356 263.9538  96.1161 15.32093907 14754
STARLINK-32541          
1 61916U 24207E   25039.58979867 -.00000023  00000+0  79686-5 0  9992
2 61916  43.0053 353.1083 0001328 263.1185  96.9517 15.32096243 14381
STARLINK-32541          
1 61916U 24207E   25039.98095303 -.00005098  00000+0 -15233-3 0  9994
2 61916  43.0051 350.8863 0002255 267.9234  92.1362 15.32127954 14443
STARLINK-32541          
1 61916U 24207E   25039.98095303 -.00005098  00000+0 -15233-3 0  9994
2 61916  43.0051 350.8863 0002255 267.9234  92.1362 15.32127954 14869
STARLINK-32541          
1 61916U 24207E   25040.95885684 -.00000288  00000+0 -39772-6 0  9995
2 61916  43.0031 345.3227 0001258 261.4989  98.5722 15.32093717 15015
STARLINK-32541          
1 61916U 24207E   25041.54557876  .00001098  00000+0  43378-4 0  9993
2 61916  43.0021 341.9892 0001602 274.8834  85.1836 15.32111945 14688
STARLINK-32541          
1 61916U 24207E   25041.54557876  .00001098  00000+0  43378-4 0  9993
2 61916  43.0021 341.9892 0001602 274.8834  85.1836 15.32111945 15106
STARLINK-32541          
1 61916U 24207E   25042.00197000 -.00005297  00000+0 -15890-3 0  9998
2 61916  43.0014 339.3939 0002538 305.1671  54.8945 15.32070313 15171
STARLINK-32541          
1 61916U 24207E   25042.52351472 -.00003708  00000+0 -10857-3 0  9993
2 61916  43.0047 336.4257 0000726 289.6719  70.4056 15.32084231 15254
STARLINK-32541          
1 61916U 24207E   25042.84945713 -.00000580  00000+0 -96167-5 0  9990
2 61916  43.0043 334.5742 0001372 286.7813  73.2890 15.32108591 14880
STARLINK-32541          
1 61916U 24207E   25042.84945713 -.00000580  00000+0 -96167-5 0  9990
2 61916  43.0043 334.5742 0001372 286.7813  73.2890 15.32108591 15308
STARLINK-32541          
1 61916U 24207E   25042.97985390 -.00001448  00000+0 -37079-4 0  9999
2 61916  43.0013 333.8329 0001265 302.6549  57.4183 15.32094257 15327
STARLINK-32541          
1 61916U 24207E   25043.50134403  .00005930  00000+0  19571-3 0  9994
2 61916  43.0039 330.8649 0001465 265.9451  94.1235 15.32135762 15404
STARLINK-32541          
1 61916U 24207E   25044.15334242  .00000532  00000+0  25545-4 0  9991
2 61916  43.0045 327.1593 0001387 283.1376  76.9322 15.32050752 15500
STARLINK-32541          
1 61916U 24207E   25044.47929967  .00001515  00000+0  56609-4 0  9997
2 61916  43.0059 325.3070 0001413 283.8052  76.2644 15.32070643 15133
STARLINK-32541          
1 61916U 24207E   25044.47929967  .00001515  00000+0  56609-4 0  9997
2 61916  43.0059 325.3070 0001413 283.8052  76.2644 15.32070643 15559
STARLINK-32541          
1 61916U 24207E   25044.87046231 -.00003561  00000+0 -10389-3 0  9994
2 61916  43.0044 323.0815 0002632 312.9116  47.1516 15.32080617 15191
STARLINK-32541          
1 61916U 24207E   25045.45718109 -.00005102  00000+0 -15253-3 0  9997
2 61916  43.0080 319.7415 0001443 273.6259  86.4429 15.32113126 15280
STARLINK-32541          
1 61916U 24207E   25045.45718109 -.00005102  00000+0 -15253-3 0  9997
2 61916  43.0080 319.7415 0001443 273.6259  86.4429 15.32113126 15707
STARLINK-32541          
1 61916U 24207E   25045.78314472  .00001276  00000+0  49032-4 0  9997
2 61916  43.0034 317.8869 0001894 271.3958  88.6678 15.32088210 15333
STARLINK-32541          
1 61916U 24207E   25045.78314472  .00001276  00000+0  49032-4 0  9997
2 61916  43.0034 317.8869 0001894 271.3958  88.6678 15.32088210 15759
STARLINK-32541          
1 61916U 24207E   25046.10913754 -.00000574  00000+0 -94660-5 0  9992
2 61916  43.0051 316.0372 0000783 286.1875  73.8892 15.32058389 15800
STARLINK-32541          
1 61916U 24207E   25046.43508393  .00002640  00000+0  92135-4 0  9995
2 61916  43.0044 314.1835 0001196 280.7514  79.3205 15.32083397 15439
STARLINK-32541          
1 61916U 24207E   25046.43508393  .00002640  00000+0  92135-4 0  9995
2 61916  43.0044 314.1835 0001196 280.7514  79.3205 15.32083397 15855
STARLINK-32541          
1 61916U 24207E   25047.08702627  .00000694  00000+0  30660-4 0  9995
2 61916  43.0054 310.4761 0001156 287.1547  72.9180 15.32077883 15535
STARLINK-32541          
1 61916U 24207E   25047.08702627  .00000694  00000+0  30660-4 0  9995
2 61916  43.0054 310.4761 0001156 287.1547  72.9180 15.32077883 15951
STARLINK-32541          
1 61916U 24207E   25048.06492293  .00005270  00000+0  17526-3 0  9999
2 61916  43.0022 304.9165 0001192 199.2581 160.8227 15.32066712 15681
STARLINK-32541          
1 61916U 24207E   25048.06492293  .00005270  00000+0  17526-3 0  9999
2 61916  43.0022 304.9165 0001192 199.2581 160.8227 15.32066712 16109
STARLINK-32541          
1 61916U 24207E   25049.10800503  .00000755  00000+0  32547-4 0  9996
2 61916  43.0031 298.9835 0001313 264.4296  95.6408 15.32098851 15843
STARLINK-32541          
1 61916U 24207E   25049.10800503  .00000755  00000+0  32547-4 0  9996
2 61916  43.0031 298.9835 0001313 264.4296  95.6408 15.32098851 16260
STARLINK-32541          
1 61916U 24207E   25049.95551803 -.00000676  00000+0 -12666-4 0  9999
2 61916  43.0020 294.1651 0001420 261.2220  98.8473 15.32100328 15970
STARLINK-32541          
1 61916U 24207E   25050.08590879  .00002363  00000+0  83378-4 0  9992
2 61916  43.0023 293.4241 0001439 265.2750  94.7939 15.32080174 15992
STARLINK-32541          
1 61916U 24207E   25050.08590879  .00002363  00000+0  83378-4 0  9992
2 61916  43.0023 293.4241 0001439 265.2750  94.7939 15.32080174 16410
STARLINK-32541          
1 61916U 24207E   25050.93341055 -.00001147  00000+0 -27537-4 0  9992
2 61916  43.0033 288.6038 0001483 263.5372  96.5312 15.32109428 16128
STARLINK-32541          
1 61916U 24207E   25051.06379587  .00000132  00000+0  12884-4 0  9998
2 61916  43.0031 287.8619 0001571 267.1391  92.9283 15.32104395 16148
STARLINK-32541          
1 61916U 24207E   25051.06379587  .00000132  00000+0  12884-4 0  9998
2 61916  43.0031 287.8619 0001571 267.1391  92.9283 15.32104395 16564
STARLINK-32541          
1 61916U 24207E   25052.04169999 -.00001253  00000+0 -30885-4 0  9999
2 61916  43.0045 282.3007 0001653 267.0996  92.9668 15.32099307 16294
STARLINK-32541          
1 61916U 24207E   25052.04169999 -.00001253  00000+0 -30885-4 0  9999
2 61916  43.0045 282.3007 0001653 267.0996  92.9668 15.32099307 16711
STARLINK-32541          
1 61916U 24207E   25052.88920920  .00000607  00000+0  27891-4 0  9993
2 61916  43.0024 277.4821 0001514 278.0329  82.0353 15.32096097 16427
STARLINK-32541          
1 61916U 24207E   25053.01959488  .00000789  00000+0  33634-4 0  9993
2 61916  43.0020 276.7406 0001456 277.9244  82.1444 15.32096791 16448
STARLINK-32541          
1 61916U 24207E   25053.86710488  .00000096  00000+0  11745-4 0  9991
2 61916  43.0021 271.9206 0001527 272.7710  87.2969 15.32099570 16574
STARLINK-32541          
1 61916U 24207E   25053.86710488  .00000096  00000+0  11745-4 0  9991
2 61916  43.0021 271.9206 0001527 272.7710  87.2969 15.32099570 16990
STARLINK-32541          
1 61916U 24207E   25053.99749124  .00000231  00000+0  16003-4 0  9997
2 61916  43.0025 271.1769 0001228 243.9783 116.0943 15.32100659 16598
STARLINK-32541          
1 61916U 24207E   25054.97539110 -.00000228  00000+0  14986-5 0  9994
2 61916  43.0025 265.6159 0001265 245.7019 114.3702 15.32096927 17162
STARLINK-32541          
1 61916U 24207E   25055.62731324  .00001818  00000+0  66127-4 0  9996
2 61916  43.0026 261.9089 0001554 266.6038  93.4638 15.32098288 16849
STARLINK-32541          
1 61916U 24207E   25055.62731324  .00001818  00000+0  66127-4 0  9996
2 61916  43.0026 261.9089 0001554 266.6038  93.4638 15.32098288 17266
STARLINK-32541          
1 61916U 24207E   25056.54002247 -.00000384  00000+0 -34352-5 0  9998
2 61916  43.0027 256.7224 0001878 272.9319  87.1319 15.32098499 17407
STARLINK-32541          
1 61916U 24207E   25057.51792539 -.00000932  00000+0 -20742-4 0  9992
2 61916  43.0058 251.1602 0001994 267.6061  92.4564 15.32094394 17551
STARLINK-32541          
1 61916U 24207E   25057.58311390  .00000096  00000+0  11742-4 0  9990
2 61916  43.0063 250.7922 0002057 276.0366  84.0253 15.32098664 17141
STARLINK-32541          
1 61916U 24207E   25057.58311390  .00000096  00000+0  11742-4 0  9990
2 61916  43.0063 250.7922 0002057 276.0366  84.0253 15.32098664 17567
STARLINK-32541          
1 61916U 24207E   25058.49582599  .00000193  00000+0  14801-4 0  9999
2 61916  43.0058 245.6023 0001985 276.6395  83.4232 15.32088412 17282
STARLINK-32541          
1 61916U 24207E   25058.49582599  .00000193  00000+0  14801-4 0  9999
2 61916  43.0058 245.6023 0001985 276.6395  83.4232 15.32088412 17709
STARLINK-32541          
1 61916U 24207E   25059.47371884 -.00002130  00000+0 -58598-4 0  9997
2 61916  43.0037 240.0386 0001347 269.9597  90.1102 15.32110696 17439
STARLINK-32541          
1 61916U 24207E   25059.47371884 -.00002130  00000+0 -58598-4 0  9997
2 61916  43.0037 240.0386 0001347 269.9597  90.1102 15.32110696 17855
STARLINK-32541          
1 61916U 24207E   25059.86489899  .00014116  00000+0  45496-3 0  9993
2 61916  43.0046 237.8148 0001327 268.9790  91.0912 15.32024095 17493
STARLINK-32541          
1 61916U 24207E   25059.86489899  .00014116  00000+0  45496-3 0  9993
2 61916  43.0046 237.8148 0001327 268.9790  91.0912 15.32024095 17910
STARLINK-32541          
1 61916U 24207E   25060.45160987  .00000365  00000+0  20210-4 0  9993
2 61916  42.9992 234.4768 0000563 310.9547  49.1258 15.32113678 17584
STARLINK-32541          
1 61916U 24207E   25060.45160987  .00000365  00000+0  20210-4 0  9993
2 61916  42.9992 234.4768 0000563 310.9547  49.1258 15.32113678 18002
STARLINK-32541          
1 61916U 24207E   25060.84279267 -.00001711  00000+0 -45423-4 0  9999
2 61916  43.0006 232.2523 0000748 296.0035  64.0741 15.32083785 17643
STARLINK-32541          
1 61916U 24207E   25060.84279267 -.00001711  00000+0 -45423-4 0  9999
2 61916  43.0006 232.2523 0000748 296.0035  64.0741 15.32083785 18060
STARLINK-32541          
1 61916U 24207E   25061.49470532 -.00000591  00000+0 -99721-5 0  9995
2 61916  43.0025 228.5452 0001375 276.1537  83.9160 15.32106417 17740
STARLINK-32541          
1 61916U 24207E   25061.49470532 -.00000591  00000+0 -99721-5 0  9995
2 61916  43.0025 228.5452 0001375 276.1537  83.9160 15.32106417 18167
STARLINK-32541          
1 61916U 24207E   25061.75549020 -.00000734  00000+0 -14516-4 0  9990
2 61916  43.0020 227.0619 0001246 275.4953  84.5758 15.32086282 18204
STARLINK-32541          
1 61916U 24207E   25062.47260895 -.00001386  00000+0 -35103-4 0  9999
2 61916  43.0014 222.9825 0001464 276.6856  83.3830 15.32100274 17897
STARLINK-32541          
1 61916U 24207E   25062.47260895 -.00001386  00000+0 -35103-4 0  9999
2 61916  43.0014 222.9825 0001464 276.6856  83.3830 15.32100274 18315
STARLINK-32541          
1 61916U 24207E   25062.86376863 -.00000134  00000+0  44686-5 0  9991
2 61916  43.0051 220.7592 0001399 272.7392  87.3301 15.32095835 17954
STARLINK-32541          
1 61916U 24207E   25063.45049942 -.00000430  00000+0 -48774-5 0  9994
2 61916  43.0029 217.4230 0001515 272.5776  87.4904 15.32107372 18046
STARLINK-32541          
1 61916U 24207E   25063.45049942 -.00000430  00000+0 -48774-5 0  9994
2 61916  43.0029 217.4230 0001515 272.5776  87.4904 15.32107372 18462
STARLINK-32541          
1 61916U 24207E   25063.71128582 -.00000565  00000+0 -91176-5 0  9994
2 61916  43.0107 215.9425 0002861 279.8496  80.2034 15.32085921 18080
STARLINK-32541          
1 61916U 24207E   25063.71128582 -.00000565  00000+0 -91176-5 0  9994
2 61916  43.0107 215.9425 0002861 279.8496  80.2034 15.32085921 18507
STARLINK-32541          
1 61916U 24207E   25064.42839561  .00000930  00000+0  38096-4 0  9994
2 61916  43.0043 211.8622 0001848 270.0223  90.0419 15.32103892 18194
STARLINK-32541          
1 61916U 24207E   25064.42839561  .00000930  00000+0  38096-4 0  9994
2 61916  43.0043 211.8622 0001848 270.0223  90.0419 15.32103892 18611
STARLINK-32541          
1 61916U 24207E   25064.81957383 -.00001267  00000+0 -31344-4 0  9995
2 61916  43.0030 209.6386 0001266 276.1475  83.9234 15.32083411 18259
STARLINK-32541          
1 61916U 24207E   25064.81957383 -.00001267  00000+0 -31344-4 0  9995
2 61916  43.0030 209.6386 0001266 276.1475  83.9234 15.32083411 18675
STARLINK-32541          
1 61916U 24207E   25065.40630063  .00001093  00000+0  43251-4 0  9999
2 61916  43.0062 206.3017 0002488 277.8734  82.1837 15.32091431 18343
STARLINK-32541          
1 61916U 24207E   25065.40630063  .00001093  00000+0  43251-4 0  9999
2 61916  43.0062 206.3017 0002488 277.8734  82.1837 15.32091431 18769
STARLINK-32541          
1 61916U 24207E   25065.73226600  .00001354  00000+0  51493-4 0  9990
2 61916  43.0023 204.4467 0001476 275.4597  84.6087 15.32094389 18399
STARLINK-32541          
1 61916U 24207E   25066.44939010  .00002425  00000+0  85317-4 0  9997
2 61916  43.0026 200.3677 0001552 270.2454  89.8222 15.32087120 18506
STARLINK-32541          
1 61916U 24207E   25066.44939010  .00002425  00000+0  85317-4 0  9997
2 61916  43.0026 200.3677 0001552 270.2454  89.8222 15.32087120 18922
STARLINK-32541          
1 61916U 24207E   25066.71017576  .00000360  00000+0  20087-4 0  9990
2 61916  43.0028 198.8867 0001193 264.3133  95.7585 15.32078090 18547
STARLINK-32541          
1 61916U 24207E   25066.71017576  .00000360  00000+0  20087-4 0  9990
2 61916  43.0028 198.8867 0001193 264.3133  95.7585 15.32078090 18963
STARLINK-32541          
1 61916U 24207E   25067.36209293  .00000434  00000+0  22419-4 0  9994
2 61916  43.0021 195.1773 0001807 272.5335  87.5311 15.32099362 19062
STARLINK-32541          
1 61916U 24207E   25067.75325599  .00000227  00000+0  15891-4 0  9991
2 61916  43.0052 192.9574 0001504 271.2650  88.8031 15.32097545 18704
STARLINK-32541          
1 61916U 24207E   25068.40517598  .00002635  00000+0  91937-4 0  9996
2 61916  43.0038 189.2479 0001614 257.1118 102.9555 15.32102182 18809
STARLINK-32541          
1 61916U 24207E   25068.73115554  .00000465  00000+0  23414-4 0  9992
2 61916  43.0034 187.3941 0001472 250.2166 109.8528 15.32087352 18859
STARLINK-32541          
1 61916U 24207E   25068.73115554  .00000465  00000+0  23414-4 0  9992
2 61916  43.0034 187.3941 0001472 250.2166 109.8528 15.32087352 19276
STARLINK-32541          
1 61916U 24207E   25069.38310115 -.00001013  00000+0 -23338-4 0  9991
2 61916  43.0026 183.6869 0001160 230.6289 129.4462 15.32075998 18959
STARLINK-32541          
1 61916U 24207E   25069.38310115 -.00001013  00000+0 -23338-4 0  9991
2 61916  43.0026 183.6869 0001160 230.6289 129.4462 15.32075998 19376
STARLINK-32541          
1 61916U 24207E   25069.70907494 -.00001427  00000+0 -36444-4 0  9990
2 61916  43.0031 181.8339 0001223 238.1532 121.9203 15.32072510 19005
STARLINK-32541          
1 61916U 24207E   25070.62175869  .00000955  00000+0  38891-4 0  9997
2 61916  43.0033 176.6434 0001318 249.9874 110.0837 15.32091931 19144
STARLINK-32541          
1 61916U 24207E   25070.68695205  .00000897  00000+0  37032-4 0  9995
2 61916  43.0037 176.2730 0001322 250.2636 109.8075 15.32092265 19151
STARLINK-32541          
1 61916U 24207E   25071.01288474  .00002229  00000+0  79032-4 0  9996
2 61916  43.0039 174.4217 0001940 251.8745 108.1898 15.32132601 19623
STARLINK-32541          
1 61916U 24207E   25071.33888483  .00001383  00000+0  52411-4 0  9999
2 61916  43.0022 172.5639 0001179 237.5539 122.5200 15.32084397 19252
STARLINK-32541          
1 61916U 24207E   25071.33888483  .00001383  00000+0  52411-4 0  9999
2 61916  43.0022 172.5639 0001179 237.5539 122.5200 15.32084397 19678
STARLINK-32541          
1 61916U 24207E   25072.25155356  .00004135  00000+0  13918-3 0  9993
2 61916  43.0029 167.3750 0001830 254.2795 105.7857 15.32124038 19392
STARLINK-32541          
1 61916U 24207E   25072.25155356  .00004135  00000+0  13918-3 0  9993
2 61916  43.0029 167.3750 0001830 254.2795 105.7857 15.32124038 19819
STARLINK-32541          
1 61916U 24207E   25072.64274409 -.00001310  00000+0 -32719-4 0  9992
2 61916  43.0043 165.1519 0001423 258.8484 101.2210 15.32091173 19454
STARLINK-32541          
1 61916U 24207E   25072.64274409 -.00001310  00000+0 -32719-4 0  9992
2 61916  43.0043 165.1519 0001423 258.8484 101.2210 15.32091173 19870
STARLINK-32541          
1 61916U 24207E   25073.42507147 -.00000316  00000+0 -12766-5 0  9993
2 61916  43.0030 160.7008 0001508 238.7564 121.3142 15.32086149 19571
STARLINK-32541          
1 61916U 24207E   25074.20737389 -.00002528  00000+0 -71137-4 0  9996
2 61916  43.0041 156.2550 0001706 267.8375  92.2283 15.32118731 20115
STARLINK-32541          
1 61916U 24207E   25074.40297017 -.00004858  00000+0 -14489-3 0  9991
2 61916  43.0034 155.1420 0002231 280.1665  79.8937 15.32098123 20147
STARLINK-32541          
1 61916U 24207E   25074.59854367  .00000629  00000+0  28592-4 0  9999
2 61916  43.0022 154.0274 0001372 235.2465 124.8259 15.32085790 19752
STARLINK-32541          
1 61916U 24207E   25074.92450229  .00001726  00000+0  63215-4 0  9995
2 61916  43.0040 152.1787 0001188 285.6922  74.3800 15.32098732 19809
STARLINK-32541          
1 61916U 24207E   25075.25047825  .00001677  00000+0  61675-4 0  9999
2 61916  43.0038 150.3277 0000917 306.0506  54.0262 15.32094462 20271
STARLINK-32541          
1 61916U 24207E   25075.38089156 -.00002911  00000+0 -83384-4 0  9991
2 61916  43.0019 149.5808 0002209 289.2260  70.8354 15.32064110 19874
STARLINK-32541          
1 61916U 24207E   25075.38089156 -.00002911  00000+0 -83384-4 0  9991
2 61916  43.0019 149.5808 0002209 289.2260  70.8354 15.32064110 20292
STARLINK-32541          
1 61916U 24207E   25075.90241349 -.00001208  00000+0 -29475-4 0  9992
2 61916  43.0039 146.6152 0001420 261.1762  98.8931 15.32097612 19959
STARLINK-32541          
1 61916U 24207E   25076.22835825  .00001938  00000+0  69886-4 0  9994
2 61916  43.0048 144.7619 0002140 264.6842  95.3767 15.32113479 20426
STARLINK-32541          
1 61916U 24207E   25076.55435823 -.00002869  00000+0 -82063-4 0  9992
2 61916  43.0004 142.9090 0000504 276.0680  84.0116 15.32079648 20051
STARLINK-32541          
1 61916U 24207E   25076.55435823 -.00002869  00000+0 -82063-4 0  9992
2 61916  43.0004 142.9090 0000504 276.0680  84.0116 15.32079648 20477
STARLINK-32541          
1 61916U 24207E   25077.20626431  .00001992  00000+0  71631-4 0  9995
2 61916  43.0041 139.2015 0001643 277.8544  82.2123 15.32095399 20577
STARLINK-32541          
1 61916U 24207E   25077.33665727  .00000767  00000+0  32948-4 0  9997
2 61916  43.0032 138.4604 0001196 282.3614  77.7105 15.32095777 20179
STARLINK-32541          
1 61916U 24207E   25078.18417131 -.00002855  00000+0 -81534-4 0  9992
2 61916  43.0031 133.6416 0001112 275.8373  84.2354 15.32106369 20723
STARLINK-32541          
1 61916U 24207E   25078.31456049 -.00001860  00000+0 -50100-4 0  9998
2 61916  43.0023 132.8952 0001497 255.2123 104.8565 15.32094774 20326
STARLINK-32541          
1 61916U 24207E   25078.31456049 -.00001860  00000+0 -50100-4 0  9998
2 61916  43.0023 132.8952 0001497 255.2123 104.8565 15.32094774 20742
STARLINK-32541          
1 61916U 24207E   25079.42284742  .00000694  00000+0  30659-4 0  9999
2 61916  43.0073 126.5999 0002061 286.2170  73.8457 15.32086506 20493
STARLINK-32541          
1 61916U 24207E   25079.42284742  .00000694  00000+0  30659-4 0  9999
2 61916  43.0073 126.5999 0002061 286.2170  73.8457 15.32086506 20910
STARLINK-32541          
1 61916U 24207E   25080.46598706 -.00005281  00000+0 -15858-3 0  9995
2 61916  43.0048 120.6644 0001353 255.8692 104.2011 15.32039380 20652
STARLINK-32541          
1 61916U 24207E   25080.46598706 -.00005281  00000+0 -15858-3 0  9995
2 61916  43.0048 120.6644 0001353 255.8692 104.2011 15.32039380 21079
STARLINK-32541          
1 61916U 24207E   25080.79194145 -.00003534  00000+0 -10314-3 0  9991
2 61916  43.0016 118.8084 0001288 263.4559  96.6147 15.32066775 20706
STARLINK-32541          
1 61916U 24207E   25080.79194145 -.00003534  00000+0 -10314-3 0  9991
2 61916  43.0016 118.8084 0001288 263.4559  96.6147 15.32066775 21123
STARLINK-32541          
1 61916U 24207E   25081.11786630  .00003816  00000+0  12918-3 0  9997
2 61916  43.0065 116.9567 0001738 270.6987  89.3667 15.32110372 21171
STARLINK-32541          
1 61916U 24207E   25081.50900517  .00009435  00000+0  30622-3 0  9997
2 61916  42.9974 114.7331 0000726  74.5530 285.5404 15.32123120 20818
STARLINK-32541          
1 61916U 24207E   25081.50900517  .00009435  00000+0  30622-3 0  9997
2 61916  42.9974 114.7331 0000726  74.5530 285.5404 15.32123120 21235
STARLINK-32541          
1 61916U 24207E   25081.76977454  .00005098  00000+0  16948-3 0  9995
2 61916  43.0023 113.2482 0000902  53.0885 307.0051 15.32134608 20852
STARLINK-32541          
1 61916U 24207E   25082.09574389  .00010144  00000+0  32884-3 0  9997
2 61916  43.0013 111.3989 0000764  69.6895 290.4041 15.32093321 21325
STARLINK-32541          
1 61916U 24207E   25082.55215805  .00000928  00000+0  38065-4 0  9990
2 61916  43.0033 108.7994 0000423 252.0236 108.0571 15.32039544 20971
STARLINK-32541          
1 61916U 24207E   25082.55215805  .00000928  00000+0  38065-4 0  9990
2 61916  43.0033 108.7994 0000423 252.0236 108.0571 15.32039544 21398
STARLINK-32541          
1 61916U 24207E   25083.07368153 -.00004763  00000+0 -14188-3 0  9995
2 61916  43.0061 105.8358 0001169 246.4025 113.6705 15.32102846 21478
STARLINK-32541          
1 61916U 24207E   25083.39962642 -.00005106  00000+0 -15260-3 0  9997
2 61916  43.0004 103.9788 0000840 196.5978 163.4848 15.32131046 21103
STARLINK-32541          
1 61916U 24207E   25083.39962642 -.00005106  00000+0 -15260-3 0  9997
2 61916  43.0004 103.9788 0000840 196.5978 163.4848 15.32131046 21529
STARLINK-32541          
1 61916U 24207E   25085.09465134 -.00000785  00000+0 -16095-4 0  9996
2 61916  43.0038  94.3414 0000848 216.6075 143.4720 15.32105937 21780
STARLINK-32541          
1 61916U 24207E   25085.35542547 -.00000738  00000+0 -14639-4 0  9999
2 61916  43.0045  92.8607 0000746 251.2265 108.8508 15.32103679 21407
STARLINK-32541          
1 61916U 24207E   25086.00736083  .00000958  00000+0  38983-4 0  9992
2 61916  43.0026  89.1524 0000549 233.3910 126.6893 15.32087643 21926
STARLINK-32541          
1 61916U 24207E   25086.26813065  .00001843  00000+0  66940-4 0  9994
2 61916  43.0014  87.6692 0000573 213.5038 146.5779 15.32089749 21541
STARLINK-32541          
1 61916U 24207E   25087.24602537  .00000378  00000+0  20639-4 0  9990
2 61916  43.0021  82.1059 0000433 234.9264 125.1548 15.32097611 22117
STARLINK-32541          
1 61916U 24207E   25087.37641280  .00000133  00000+0  12912-4 0  9996
2 61916  43.0056  81.3659 0001039 263.1283  96.9452 15.32097256 21719
STARLINK-32541          
1 61916U 24207E   25087.96315805  .00007218  00000+0  23688-3 0  9994
2 61916  43.0054  78.0291 0000977 237.5889 122.4870 15.32054266 21802
STARLINK-32541          
1 61916U 24207E   25088.02834880 -.00002111  00000+0 -58012-4 0  9990
2 61916  43.0056  77.6604 0001360 277.5790  82.4909 15.32102622 21818
STARLINK-32541          
1 61916U 24207E   25088.02834880 -.00002111  00000+0 -58012-4 0  9990
2 61916  43.0056  77.6604 0001360 277.5790  82.4909 15.32102622 22235
STARLINK-32541          
1 61916U 24207E   25088.68028470  .00008433  00000+0  27518-3 0  9999
2 61916  43.0051  73.9526 0000697 279.3876  80.6899 15.32060222 22337
STARLINK-32541          
1 61916U 24207E   25088.94121351 -.00021286  00000+0 -66955-3 0  9991
2 61916  43.0047  72.4707 0001234 229.5050 130.5695 15.31921266 21955
STARLINK-32541          
1 61916U 24207E   25089.00654899 -.00040897  00000+0 -13039-2 0  9990
2 61916  43.0048  72.1011 0003320 290.6603  69.3894 15.31766976 21968
STARLINK-32541          
1 61916U 24207E   25089.00654899 -.00040897  00000+0 -13039-2 0  9990
2 61916  43.0048  72.1011 0003320 290.6603  69.3894 15.31766976 22385
STARLINK-32541          
1 61916U 24207E   25092.86084575 -.00012143  00000+0 -42308-3 0  9991
2 61916  43.0021  50.2941 0001538 295.4495  64.6197 15.28291299 22972
STARLINK-32541          
1 61916U 24207E   25093.25002315  .00064028  00000+0  23217-2 0  9991
2 61916  43.0013  48.0919 0002330 279.7539  63.7514 15.27500368 23038
STARLINK-32541          
1 61916U 24207E   25093.58335648 -.00018361  00000+0 -65950-3 0  9997
2 61916  43.0012  46.2068 0002416 271.2316 107.4900 15.27570054  5840
STARLINK-32541          
1 61916U 24207E   25093.91668981  .00033115  00000+0  12080-2 0  9990
2 61916  43.0009  44.3254 0002299 267.7602 146.1732 15.27565468  5890
STARLINK-32541          
1 61916U 24207E   25094.25002315  .00028875  00000+0  10554-2 0  9992
2 61916  43.0010  42.4445 0002219 272.1295 177.0602 15.27557767 23187
STARLINK-32541          
1 61916U 24207E   25094.58335648  .00033031  00000+0  12038-2 0  9995
2 61916  43.0010  40.5593 0002267 266.3035 218.1270 15.27597613  5867
STARLINK-32541          
1 61916U 24207E   25094.91668981  .00011008  00000+0  40810-3 0  9991
2 61916  43.0009  38.6780 0002119 266.7263 252.9784 15.27647658 23292
STARLINK-32541          
1 61916U 24207E   25095.58335648 -.00164112  00000+0 -60758-2 0  9995
2 61916  43.0009  34.9112 0002088 277.4226 312.9282 15.27639202 23390
STARLINK-32541          
1 61916U 24207E   25095.83335648  .00013630  00000+0  50516-3 0  9991
2 61916  43.0007  33.5001 0001821 273.2123 253.5913 15.27497757  5921
STARLINK-32541          
1 61916U 24207E   25096.25002315  .00101322  00000+0  36520-2 0  9994
2 61916  43.0007  31.1492 0001763 279.4393  21.3133 15.27482938 23493
STARLINK-32541          
1 61916U 24207E   25096.91668981 -.00056437  00000+0 -20538-2 0  9994
2 61916  43.0006  27.3834 0001625 272.3301  98.8140 15.27630301 23594
STARLINK-32541          
1 61916U 24207E   25097.17621019 -.00005086  00000+0 -17530-3 0  9997
2 61916  43.0064  25.9162 0001067 297.4463  62.6280 15.27601531 23635
STARLINK-32541          
1 61916U 24207E   25097.50315741 -.00006722  00000+0 -23501-3 0  9999
2 61916  43.0025  24.0687 0001498 270.7685  89.2995 15.27575110 23262
STARLINK-32541          
1 61916U 24207E   25097.50315741 -.00006722  00000+0 -23501-3 0  9999
2 61916  43.0025  24.0687 0001498 270.7685  89.2995 15.27575110 23688
STARLINK-32541          
1 61916U 24207E   25098.15702389  .00003766  00000+0  14642-3 0  9998
2 61916  43.0033  20.3767 0001348 289.0880  70.9825 15.27552571 23369
STARLINK-32541          
1 61916U 24207E   25099.13781504 -.00002375  00000+0 -76816-4 0  9992
2 61916  43.0034  14.8381 0001216 268.5420  91.5293 15.27574181 23938
STARLINK-32541          
1 61916U 24207E   25099.46474849 -.00001603  00000+0 -48751-4 0  9999
2 61916  43.0031  12.9914 0001679 250.3495 109.7175 15.27568374 23567
STARLINK-32541          
1 61916U 24207E   25100.05321943 -.00000208  00000+0  19507-5 0  9990
2 61916  43.0004   9.6692 0001372 285.3743  74.6957 15.27586880 24074
STARLINK-32541          
1 61916U 24207E   25100.44553027  .00000079  00000+0  12375-4 0  9993
2 61916  43.0026   7.4525 0001295 290.0887  69.9825 15.27591951 23711
STARLINK-32541          
1 61916U 24207E   25100.44553027  .00000079  00000+0  12375-4 0  9993
2 61916  43.0026   7.4525 0001295 290.0887  69.9825 15.27591951 24138
STARLINK-32541          
1 61916U 24207E   25101.09940546  .00000031  00000+0  10656-4 0  9999
2 61916  43.0029   3.7587 0000509 325.5783  34.5035 15.27566984 24234
STARLINK-32541          
1 61916U 24207E   25101.42633816  .00000523  00000+0  28524-4 0  9994
2 61916  43.0063   1.9122 0001039   3.7313 356.3547 15.27569918 23861
STARLINK-32541          
1 61916U 24207E   25102.40713673 -.00002653  00000+0 -86939-4 0  9995
2 61916  42.9982 356.3728 0001700 290.9829  69.0840 15.27571763 24018
STARLINK-32541          
1 61916U 24207E   25102.40713673 -.00002653  00000+0 -86939-4 0  9995
2 61916  42.9982 356.3728 0001700 290.9829  69.0840 15.27571763 24434
STARLINK-32541          
1 61916U 24207E   25103.06096673  .00003921  00000+0  15179-3 0  9996
2 61916  43.0018 352.6798 0001292 311.9690  48.1052 15.27609195 24533
STARLINK-32541          
1 61916U 24207E   25103.38792755 -.00000742  00000+0 -17436-4 0  9994
2 61916  43.0014 350.8336 0001095 304.6229  55.4519 15.27574748 24168
STARLINK-32541          
1 61916U 24207E   25103.38792755 -.00000742  00000+0 -17436-4 0  9994
2 61916  43.0014 350.8336 0001095 304.6229  55.4519 15.27574748 24584
STARLINK-32541          
1 61916U 24207E   25104.36873194 -.00000483  00000+0 -80220-5 0  9994
2 61916  43.0005 345.2936 0001689 285.0799  74.9866 15.27564068 24733
STARLINK-32541          
1 61916U 24207E   25104.95722473 -.00006377  00000+0 -22244-3 0  9990
2 61916  43.0012 341.9708 0001197 302.5445  57.5290 15.27574136 24407
STARLINK-32541          
1 61916U 24207E   25105.34953346 -.00004442  00000+0 -15197-3 0  9999
2 61916  43.0015 339.7561 0001625 293.9424  66.1257 15.27583230 24468
STARLINK-32541          
1 61916U 24207E   25105.34953346 -.00004442  00000+0 -15197-3 0  9999
2 61916  43.0015 339.7561 0001625 293.9424  66.1257 15.27583230 24884
STARLINK-32541          
1 61916U 24207E   25105.93802135 -.00008890  00000+0 -31342-3 0  9994
2 61916  43.0038 336.4331 0001074  23.2814 336.8086 15.27629961 24556
STARLINK-32541          
1 61916U 24207E   25106.00336345  .00006773  00000+0  25534-3 0  9990
2 61916  43.0009 336.0598 0001188 273.6148  86.4568 15.27589745 24561
STARLINK-32541          
1 61916U 24207E   25106.00336345  .00006773  00000+0  25534-3 0  9990
2 61916  43.0009 336.0598 0001188 273.6148  86.4568 15.27589745 24987
STARLINK-32541          
1 61916U 24207E   25106.91879404 -.00000098  00000+0  59546-5 0  9995
2 61916  43.0013 330.8920 0001404 296.3209  63.7498 15.27586971 24702
STARLINK-32541          
1 61916U 24207E   25106.91879404 -.00000098  00000+0  59546-5 0  9995
2 61916  43.0013 330.8920 0001404 296.3209  63.7498 15.27586971 25129
STARLINK-32541          
1 61916U 24207E   25107.63804756 -.00004983  00000+0 -17160-3 0  9995
2 61916  43.0004 326.8269 0001395 257.2721 102.7974 15.27592418 24815
STARLINK-32541          
1 61916U 24207E   25107.63804756 -.00004983  00000+0 -17160-3 0  9995
2 61916  43.0004 326.8269 0001395 257.2721 102.7974 15.27592418 25232
STARLINK-32541          
1 61916U 24207E   25108.61887943 -.00003072  00000+0 -10223-3 0  9994
2 61916  43.0035 321.2922 0002997 296.6489  63.4055 15.27548126 25384
STARLINK-32541          
1 61916U 24207E   25109.01115689  .00000122  00000+0  13942-4 0  9993
2 61916  43.0009 319.0744 0001176 266.5268  93.5449 15.27599904 25449
STARLINK-32541          
1 61916U 24207E   25109.59965559  .00001977  00000+0  81418-4 0  9997
2 61916  43.0023 315.7548 0002081 295.4652  64.5984 15.27555453 25537
STARLINK-32541          
1 61916U 24207E   25109.92661053  .00032205  00000+0  11803-2 0  9993
2 61916  42.9955 313.9053 0001357 348.9957  11.0864 15.27424411 25169
STARLINK-32541          
1 61916U 24207E   25109.99196570  .00003272  00000+0  12840-3 0  9992
2 61916  42.9963 313.5356 0000445 294.0353  66.0452 15.27568366 25596
STARLINK-32541          
1 61916U 24207E   25110.71121128 -.00001621  00000+0 -49376-4 0  9994
2 61916  43.0002 309.4732 0001262 268.0335  92.0372 15.27593903 25701
STARLINK-32541          
1 61916U 24207E   25110.90735585  .00000114  00000+0  13669-4 0  9993
2 61916  43.0003 308.3650 0001282 246.2415 113.8303 15.27606347 25318
STARLINK-32541          
1 61916U 24207E   25110.90735585  .00000114  00000+0  13669-4 0  9993
2 61916  43.0003 308.3650 0001282 246.2415 113.8303 15.27606347 25734
STARLINK-32541          
1 61916U 24207E   25111.88816768 -.00002463  00000+0 -79999-4 0  9993
2 61916  42.9995 302.8256 0001498 254.7103 105.3583 15.27581139 25467
STARLINK-32541          
1 61916U 24207E   25111.95355567 -.00002088  00000+0 -66364-4 0  9991
2 61916  42.9980 302.4556 0001103 249.5677 110.5057 15.27579131 25475
STARLINK-32541          
1 61916U 24207E   25111.95355567 -.00002088  00000+0 -66364-4 0  9991
2 61916  42.9980 302.4556 0001103 249.5677 110.5057 15.27579131 25891
STARLINK-32541          
1 61916U 24207E   25112.86894741 -.00001195  00000+0 -33889-4 0  9998
2 61916  43.0014 297.2850 0001705 250.0559 110.0109 15.27594043 25615
STARLINK-32541          
1 61916U 24207E   25113.78437083 -.00001756  00000+0 -54322-4 0  9990
2 61916  42.9966 292.1183 0000828 247.7068 112.3696 15.27579635 25756
STARLINK-32541          
1 61916U 24207E   25113.78437083 -.00001756  00000+0 -54322-4 0  9990
2 61916  42.9966 292.1183 0000828 247.7068 112.3696 15.27579635 26173
STARLINK-32541          
1 61916U 24207E   25114.50362434 -.00004072  00000+0 -13848-3 0  9999
2 61916  43.0005 288.0565 0000967 270.3220  89.7521 15.27593808 25860
STARLINK-32541          
1 61916U 24207E   25115.87673005  .00000403  00000+0  24176-4 0  9998
2 61916  42.9997 280.3022 0000893 254.6537 105.4216 15.27580940 26079
STARLINK-32541          
1 61916U 24207E   25115.87673005  .00000403  00000+0  24176-4 0  9998
2 61916  42.9997 280.3022 0000893 254.6537 105.4216 15.27580940 26495
STARLINK-32541          
1 61916U 24207E   25116.46521895 -.00001023  00000+0 -27683-4 0  9990
2 61916  42.9979 276.9797 0000245  26.9511 333.1353 15.27574390 26166
STARLINK-32541          
1 61916U 24207E   25116.46521895 -.00001023  00000+0 -27683-4 0  9990
2 61916  42.9979 276.9797 0000245  26.9511 333.1353 15.27574390 26582
STARLINK-32541          
1 61916U 24207E   25117.77292915  .00000440  00000+0  25502-4 0  9991
2 61916  43.0029 269.5913 0000915 209.2822 150.7978 15.27587473 26361
STARLINK-32541          
1 61916U 24207E   25117.77292915  .00000440  00000+0  25502-4 0  9991
2 61916  43.0029 269.5913 0000915 209.2822 150.7978 15.27587473 26787
STARLINK-32541          
1 61916U 24207E   25118.09988546 -.00001354  00000+0 -39668-4 0  9994
2 61916  43.0015 267.7456 0002525  67.5828 292.5291 15.27571263 26833
STARLINK-32541          
1 61916U 24207E   25118.75373799 -.00001591  00000+0 -48324-4 0  9997
2 61916  43.0075 264.0580 0001148 235.0827 124.9917 15.27576627 26515
STARLINK-32541          
1 61916U 24207E   25118.75373799 -.00001591  00000+0 -48324-4 0  9997
2 61916  43.0075 264.0580 0001148 235.0827 124.9917 15.27576627 26931
STARLINK-32541          
1 61916U 24207E   25121.76151310 -.00010652  00000+0 -37757-3 0  9990
2 61916  43.0053 247.0674 0001364 291.1483  68.9222 15.27625424 26973
STARLINK-32541          
1 61916U 24207E   25122.61151697 -.00001055  00000+0 -28791-4 0  9999
2 61916  43.0024 242.2671 0001414 271.0082  89.0607 15.27612491 27100
STARLINK-32541          
1 61916U 24207E   25122.74228333 -.00000734  00000+0 -17110-4 0  9991
2 61916  43.0026 241.5279 0001402 271.0836  88.9855 15.27617362 27129
STARLINK-32541          
1 61916U 24207E   25122.74228333 -.00000734  00000+0 -17110-4 0  9991
2 61916  43.0026 241.5279 0001402 271.0836  88.9855 15.27617362 27545
STARLINK-32541          
1 61916U 24207E   25123.59234134 -.00001140  00000+0 -31932-4 0  9991
2 61916  43.0016 236.7284 0001231 248.7462 111.3258 15.27568247 27255
STARLINK-32541          
1 61916U 24207E   25123.59234134 -.00001140  00000+0 -31932-4 0  9991
2 61916  43.0016 236.7284 0001231 248.7462 111.3258 15.27568247 27671
STARLINK-32541          
1 61916U 24207E   25123.72311240 -.00000861  00000+0 -21768-4 0  9995
2 61916  43.0011 235.9885 0001074 232.3625 127.7129 15.27571532 27274
STARLINK-32541          
1 61916U 24207E   25124.57314671 -.00003096  00000+0 -10304-3 0  9996
2 61916  43.0002 231.1878 0001244 257.9872 102.0841 15.27571329 27406
STARLINK-32541          
1 61916U 24207E   25124.70391345 -.00002584  00000+0 -84411-4 0  9996
2 61916  43.0021 230.4506 0001029 269.0350  91.0384 15.27581264 27423
STARLINK-32541          
1 61916U 24207E   25124.70391345 -.00002584  00000+0 -84411-4 0  9996
2 61916  43.0021 230.4506 0001029 269.0350  91.0384 15.27581264 27849
STARLINK-32541          
1 61916U 24207E   25125.55392121  .00002627  00000+0  10496-3 0  9990
2 61916  43.0027 225.6519 0001566 263.1639  96.9035 15.27583676 27976
STARLINK-32541          
1 61916U 24207E   25125.75007177  .00005227  00000+0  19929-3 0  9995
2 61916  42.9978 224.5423 0000585 269.9136  90.1648 15.27587292 27588
STARLINK-32541          
1 61916U 24207E   25125.75007177  .00005227  00000+0  19929-3 0  9995
2 61916  42.9978 224.5423 0000585 269.9136  90.1648 15.27587292 28006
STARLINK-32541          
1 61916U 24207E   25126.27318512  .00001561  00000+0  66256-4 0  9994
2 61916  42.9957 221.5847 0000986 137.9836 222.1091 15.27566721 27660
STARLINK-32541          
1 61916U 24207E   25127.58089121 -.00001354  00000+0 -39661-4 0  9992
2 61916  42.9976 214.2017 0000484 172.5505 187.5354 15.27603292 27863
STARLINK-32541          
1 61916U 24207E   25127.58089121 -.00001354  00000+0 -39661-4 0  9992
2 61916  42.9976 214.2017 0000484 172.5505 187.5354 15.27603292 28280
STARLINK-32541          
1 61916U 24207E   25128.56171743 -.00001508  00000+0 -45304-4 0  9995
2 61916  42.9968 208.6618 0000752 143.9858 216.1045 15.27563401 28436
STARLINK-32541          
1 61916U 24207E   25129.21557688 -.00001219  00000+0 -34787-4 0  9996
2 61916  43.0008 204.9696 0001530 249.6856 110.3831 15.27566376 28112
STARLINK-32541          
1 61916U 24207E   25129.21557688 -.00001219  00000+0 -34787-4 0  9996
2 61916  43.0008 204.9696 0001530 249.6856 110.3831 15.27566376 28538
STARLINK-32541          
1 61916U 24207E   25129.54250359  .00001294  00000+0  56560-4 0  9991
2 61916  43.0008 203.1244 0001229 236.1745 123.8990 15.27561762 28169
STARLINK-32541          
1 61916U 24207E   25130.52330005  .00003765  00000+0  14636-3 0  9990
2 61916  42.9991 197.5846 0001349 257.5598 102.5103 15.27561678 28737
STARLINK-32541          
1 61916U 24207E   25131.50410293 -.00000379  00000+0 -42495-5 0  9993
2 61916  42.9997 192.0464 0001306 265.7067  94.3636 15.27574200 28468
STARLINK-32541          
1 61916U 24207E   25132.22335034  .00000528  00000+0  28727-4 0  9997
2 61916  43.0000 187.9840 0001372 265.0255  95.0440 15.27575592 28995
STARLINK-32541          
1 61916U 24207E   25132.41950659  .00000898  00000+0  42148-4 0  9997
2 61916  43.0002 186.8757 0001273 253.0197 107.0516 15.27578646 28603
STARLINK-32541          
1 61916U 24207E   25133.46569201  .00000204  00000+0  16945-4 0  9999
2 61916  43.0012 180.9681 0001396 253.4447 106.6251 15.27576695 28763
STARLINK-32541          
1 61916U 24207E   25133.46569201  .00000204  00000+0  16945-4 0  9999
2 61916  43.0012 180.9681 0001396 253.4447 106.6251 15.27576695 29180
STARLINK-32541          
1 61916U 24207E   25134.44648567 -.00000233  00000+0  10584-5 0  9998
2 61916  43.0016 175.4307 0001387 267.1154  92.9539 15.27582492 28913
STARLINK-32541          
1 61916U 24207E   25135.10035442  .00022438  00000+0  82133-3 0  9991
2 61916  43.0020 171.7384 0001125 274.5258  85.5465 15.27624298 29018
STARLINK-32541          
1 61916U 24207E   25135.10035442  .00022438  00000+0  82133-3 0  9991
2 61916  43.0020 171.7384 0001125 274.5258  85.5465 15.27624298 29434
STARLINK-32541          
1 61916U 24207E   25136.08115034  .00021074  00000+0  77282-3 0  9999
2 61916  42.9974 166.1995 0000540 304.2183  55.8617 15.27593766 29584
STARLINK-32541          
1 61916U 24207E   25136.40808201  .00022688  00000+0  83127-3 0  9997
2 61916  43.0011 164.3539 0001768 274.4006  85.6643 15.27587209 29212
STARLINK-32541          
1 61916U 24207E   25136.40808201  .00022688  00000+0  83127-3 0  9997
2 61916  43.0011 164.3539 0001768 274.4006  85.6643 15.27587209 29638
STARLINK-32541          
1 61916U 24207E   25137.12733006  .00029757  00000+0  10856-2 0  9999
2 61916  42.9974 160.2865 0001214 231.2138 128.8605 15.27607718 29742
STARLINK-32541          
1 61916U 24207E   25137.38887354  .00013892  00000+0  51310-3 0  9997
2 61916  43.0008 158.8133 0001509 268.3451  91.7227 15.27598263 29369
STARLINK-32541          
1 61916U 24207E   25137.38887354  .00013892  00000+0  51310-3 0  9997
2 61916  43.0008 158.8133 0001509 268.3451  91.7227 15.27598263 29785
STARLINK-32541          
1 61916U 24207E   25138.43505198  .00020017  00000+0  73470-3 0  9995
2 61916  43.0016 152.9067 0001705 268.6796  91.3860 15.27591294 29526
STARLINK-32541          
1 61916U 24207E   25138.43505198  .00020017  00000+0  73470-3 0  9995
2 61916  43.0016 152.9067 0001705 268.6796  91.3860 15.27591294 29942
STARLINK-32541          
1 61916U 24207E   25138.76198650  .00015004  00000+0  55344-3 0  9992
2 61916  43.0027 151.0598 0001457 288.6764  71.3929 15.27591538 29578
STARLINK-32541          
1 61916U 24207E   25138.76198650  .00015004  00000+0  55344-3 0  9992
2 61916  43.0027 151.0598 0001457 288.6764  71.3929 15.27591538 29994
STARLINK-32541          
1 61916U 24207E   25139.41585707  .00025633  00000+0  93782-3 0  9995
2 61916  43.0017 147.3674 0001503 266.1573  93.9107 15.27577903 29670
STARLINK-32541          
1 61916U 24207E   25139.41585707  .00025633  00000+0  93782-3 0  9995
2 61916  43.0017 147.3674 0001503 266.1573  93.9107 15.27577903 30098
STARLINK-32541          
1 61916U 24207E   25140.06972492  .00018305  00000+0  67302-3 0  9996
2 61916  43.0010 143.6735 0001246 260.8477  99.2234 15.27582705 29775
STARLINK-32541          
1 61916U 24207E   25140.06972492  .00018305  00000+0  67302-3 0  9996
2 61916  43.0010 143.6735 0001246 260.8477  99.2234 15.27582705 30193
STARLINK-32541          
1 61916U 24207E   25140.72358673  .00019049  00000+0  69963-3 0  9999
2 61916  43.0028 139.9825 0001625 279.6230  80.4438 15.27596068 29874
STARLINK-32541          
1 61916U 24207E   25140.72358673  .00019049  00000+0  69963-3 0  9999
2 61916  43.0028 139.9825 0001625 279.6230  80.4438 15.27596068 30292
STARLINK-32541          
1 61916U 24207E   25141.37744254  .00028357  00000+0  10351-2 0  9993
2 61916  43.0023 136.2889 0001950 261.1404  98.9226 15.27609730 29970
STARLINK-32541          
1 61916U 24207E   25141.37744254  .00028357  00000+0  10351-2 0  9993
2 61916  43.0023 136.2889 0001950 261.1404  98.9226 15.27609730 30398
STARLINK-32541          
1 61916U 24207E   25141.70438511  .00022507  00000+0  82472-3 0  9991
2 61916  43.0009 134.4404 0000983  66.6024 293.4931 15.27587856 30441
STARLINK-32541          
1 61916U 24207E   25141.96592618  .00019004  00000+0  69798-3 0  9992
2 61916  42.9985 132.9623 0000551 119.6897 240.4009 15.27596075 30065
STARLINK-32541          
1 61916U 24207E   25142.68517319  .00031607  00000+0  11525-2 0  9994
2 61916  43.0038 128.9011 0002098 257.2731 102.7886 15.27598345 30599
STARLINK-32541          
1 61916U 24207E   25143.33904263  .00019052  00000+0  69993-3 0  9998
2 61916  43.0011 125.2080 0000920 236.7803 123.2961 15.27586063 30271
STARLINK-32541          
1 61916U 24207E   25143.33904263  .00019052  00000+0  69993-3 0  9998
2 61916  43.0011 125.2080 0000920 236.7803 123.2961 15.27586063 30697
STARLINK-32541          
1 61916U 24207E   25143.99290614  .00019899  00000+0  73039-3 0  9993
2 61916  42.9994 121.5148 0000913 223.9303 136.1476 15.27593414 30371
STARLINK-32541          
1 61916U 24207E   25143.99290614  .00019899  00000+0  73039-3 0  9993
2 61916  42.9994 121.5148 0000913 223.9303 136.1476 15.27593414 30797
STARLINK-32541          
1 61916U 24207E   25144.90831700  .00016232  00000+0  59791-3 0  9999
2 61916  43.0007 116.3469 0000966 245.6849 114.3902 15.27589265 30517
STARLINK-32541          
1 61916U 24207E   25144.90831700  .00016232  00000+0  59791-3 0  9999
2 61916  43.0007 116.3469 0000966 245.6849 114.3902 15.27589265 30933
STARLINK-32541          
1 61916U 24207E   25145.30063460  .00013753  00000+0  50826-3 0  9999
2 61916  43.0020 114.1314 0001392 264.3696  95.6997 15.27586027 30573
STARLINK-32541          
1 61916U 24207E   25145.30063460  .00013753  00000+0  50826-3 0  9999
2 61916  43.0020 114.1314 0001392 264.3696  95.6997 15.27586027 30999
STARLINK-32541          
1 61916U 24207E   25145.62756883  .00017437  00000+0  64155-3 0  9995
2 61916  43.0002 112.2841 0001061 259.1200 100.9532 15.27586960 30620
STARLINK-32541          
1 61916U 24207E   25145.62756883  .00017437  00000+0  64155-3 0  9995
2 61916  43.0002 112.2841 0001061 259.1200 100.9532 15.27586960 31047
STARLINK-32541          
1 61916U 24207E   25147.91609310  .00019307  00000+0  70891-3 0  9993
2 61916  42.9974  99.3580 0000361 211.3748 148.7083 15.27596440 31390
STARLINK-32541          
1 61916U 24207E   25148.56996386  .00032541  00000+0  11866-2 0  9998
2 61916  42.9999  95.6677 0000154  57.3649 302.7217 15.27586486 31492
STARLINK-32541          
1 61916U 24207E   25149.22381771  .00023461  00000+0  85884-3 0  9991
2 61916  42.9999  91.9798 0001580 268.3315  91.7356 15.27599593 31596
STARLINK-32541          
1 61916U 24207E   25149.55075815  .00027834  00000+0  10169-2 0  9997
2 61916  43.0001  90.1291 0000719  48.4927 311.5986 15.27588566 31220
STARLINK-32541          
1 61916U 24207E   25149.55075815  .00027834  00000+0  10169-2 0  9997
2 61916  43.0001  90.1291 0000719  48.4927 311.5986 15.27588566 31646
STARLINK-32541          
1 61916U 24207E   25150.53154714  .00021436  00000+0  78586-3 0  9993
2 61916  43.0072  84.5900 0001361 267.0887  92.9809 15.27595618 31376
STARLINK-32541          
1 61916U 24207E   25150.53154714  .00021436  00000+0  78586-3 0  9993
2 61916  43.0072  84.5900 0001361 267.0887  92.9809 15.27595618 31792
STARLINK-32541          
1 61916U 24207E   25151.18541870  .00025080  00000+0  91807-3 0  9998
2 61916  43.0042  80.8981 0001557 257.8672 102.2005 15.27570529 31891
STARLINK-32541          
1 61916U 24207E   25151.51235284  .00019211  00000+0  70582-3 0  9990
2 61916  43.0035  79.0534 0001250 265.6765  94.3944 15.27579161 31521
STARLINK-32541          
1 61916U 24207E   25151.51235284  .00019211  00000+0  70582-3 0  9990
2 61916  43.0035  79.0534 0001250 265.6765  94.3944 15.27579161 31947
STARLINK-32541          
1 61916U 24207E   25152.49312577  .00084476  00000+0  30369-2 0  9992
2 61916  42.9956  73.5153 0005425 263.9385  96.0848 15.27650307 31674
STARLINK-32541          
1 61916U 24207E   25152.49312577  .00084476  00000+0  30369-2 0  9992
2 61916  42.9956  73.5153 0005425 263.9385  96.0848 15.27650307 32091
STARLINK-32541          
1 61916U 24207E   25152.91668981 -.00061005  00000+0 -22231-2 0  9996
2 61916  43.0036  71.1238 0001325 267.4638 264.5334 15.27617442 32168
STARLINK-32541          
1 61916U 24207E   25152.91668981 -.00061005  00000+0 -22231-2 0  9996
2 61916  43.0036  71.1238 0001325 267.4638 264.5334 15.27617442  5922
STARLINK-32541          
1 61916U 24207E   25152.95083939  .00029909  00000+0  10909-2 0  9998
2 61916  43.0030  70.9293 0001055 283.6998  76.3736 15.27613477 32168
