STARLINK-32169          
1 60589U 24150G   24239.58334491 -.01084659  00000+0 -48440-2 0  9993
2 60589  53.1577  35.9875 0000775  68.2328 315.4150 15.86122856  2187
STARLINK-32169          
1 60589U 24150G   24239.91667824 -.01015663  00000+0 -46798-2 0  9992
2 60589  53.1571  34.3064 0000644  50.7479  76.8791 15.85317200  2235
STARLINK-32169          
1 60589U 24150G   24240.58334491 -.01078665  00000+0 -53834-2 0  9998
2 60589  53.1571  30.9458 0000749  58.5946 274.2035 15.83825338  2346
STARLINK-32169          
1 60589U 24150G   24240.83334491 -.01010812  00000+0 -51528-2 0  9994
2 60589  53.1570  29.6893 0000874  48.7903 270.0155 15.83208983  2388
STARLINK-32169          
1 60589U 24150G   24240.91667824 -.01020611  00000+0 -52538-2 0  9992
2 60589  53.1568  29.2702 0001054  40.6891  33.3284 15.83027347  2407
STARLINK-32169          
1 60589U 24150G   24241.16667824 -.01052062  00000+0 -55836-2 0  9999
2 60589  53.1572  28.0119 0000913  53.1234   6.2004 15.82467283  2432
STARLINK-32169          
1 60589U 24150G   24241.58334491 -.01097691  00000+0 -60014-2 0  9997
2 60589  53.1568  25.9209 0000858  56.8229 216.8547 15.81531449  2509
STARLINK-32169          
1 60589U 24150G   24241.83334491 -.01005175  00000+0 -57055-2 0  9992
2 60589  53.1562  24.6683 0001170  40.7888 216.8279 15.80913319  2541
STARLINK-32169          
1 60589U 24150G   24241.91667824 -.01034286  00000+0 -59383-2 0  9991
2 60589  53.1557  24.2507 0001191  26.8582 345.2768 15.80744170  2564
STARLINK-32169          
1 60589U 24150G   24242.83334491 -.01001019  00000+0 -63126-2 0  9992
2 60589  53.1569  19.6644 0001242  53.5832 134.5771 15.78618172  2707
STARLINK-32169          
1 60589U 24150G   24242.91667824 -.01057876  00000+0 -66388-2 0  9995
2 60589  53.1567  19.2477 0001059  48.8515 253.1369 15.78453970  2711
STARLINK-32169          
1 60589U 24150G   24243.16667824 -.01048416  00000+0 -67505-2 0  9995
2 60589  53.1571  17.9980 0000867  61.7407 221.4286 15.77867796  2754
STARLINK-32169          
1 60589U 24150G   24243.58334491 -.01081997  00000+0 -72903-2 0  9991
2 60589  53.1567  15.9214 0001062  57.1799  73.4519 15.76933836  2828
STARLINK-32169          
1 60589U 24150G   24243.83334491 -.01018550  00000+0 -70054-2 0  9999
2 60589  53.1563  14.6772 0001065  42.0420  68.3900 15.76326391  2858
STARLINK-32169          
1 60589U 24150G   24243.91667824 -.01065582  00000+0 -74182-2 0  9990
2 60589  53.1560  14.2618 0000932  48.7666 174.8055 15.76164441  2879
STARLINK-32169          
1 60589U 24150G   24244.16667824 -.01042226  00000+0 -74311-2 0  9992
2 60589  53.1564  13.0165 0000843  65.0350 137.6518 15.75571339  2913
STARLINK-32169          
1 60589U 24150G   24244.58334491 -.00997815  00000+0 -73896-2 0  9998
2 60589  53.1567  10.9473 0000925  53.4706 353.2398 15.74603337  2983
STARLINK-32169          
1 60589U 24150G   24244.83334491 -.00119332  00000+0 -83555-3 0  9990
2 60589  53.1567   9.7070 0000998  47.3022 337.1636 15.73812956  3014
STARLINK-32169          
1 60589U 24150G   24244.91667824  .00001400  00000+0  14094-4 0  9995
2 60589  53.1568   9.2931 0000769  45.0140  91.8860 15.73735402  3033
STARLINK-32169          
1 60589U 24150G   24245.16667824  .00012303  00000+0  89912-4 0  9998
2 60589  53.1572   8.0518 0000602  78.0782  36.0093 15.73726896  3070
STARLINK-32169          
1 60589U 24150G   24245.58334491  .00264411  00000+0  18070-2 0  9999
2 60589  53.1569   5.9865 0001274  67.7709 248.4783 15.73490240  3130
STARLINK-32169          
1 60589U 24150G   24245.91667824  .00415503  00000+0  27896-2 0  9991
2 60589  53.1566   4.3340 0001629  30.2575  15.5022 15.73460044  3192
STARLINK-32169          
1 60589U 24150G   24246.16667824 -.00413974  00000+0 -29983-2 0  9990
2 60589  53.1569   3.0933 0001435  35.4251 347.3149 15.73915883  3228
STARLINK-32169          
1 60589U 24150G   24246.50001157 -.01754579  00000+0 -13887-1 0  9994
2 60589  53.1577   1.4411 0001276  36.9956  75.3914 15.73733814  3287
STARLINK-32169          
1 60589U 24150G   24246.58335648 -.01732167  00000+0 -13884-1 0  9993
2 60589  53.1577   1.0287 0001171  44.5331 180.2635 15.73403360  3297
STARLINK-32169          
1 60589U 24150G   24246.91667824 -.01748023  00000+0 -14794-1 0  9993
2 60589  53.1581 359.3781 0001138  41.6379 271.4910 15.72173107  3351
STARLINK-32169          
1 60589U 24150G   24247.16667824 -.01681118  00000+0 -14759-1 0  9993
2 60589  53.1585 358.1408 0000908  56.3608 232.1086 15.71192758  3383
STARLINK-32169          
1 60589U 24150G   24247.50002315 -.01745536  00000+0 -16209-1 0  9996
2 60589  53.1588 356.4965 0001055  48.0907 326.2149 15.69986266  3432
STARLINK-32169          
1 60589U 24150G   24247.58334491 -.01726222  00000+0 -16223-1 0  9994
2 60589  53.1588 356.0863 0001398  51.4766  73.9806 15.69660101  3451
STARLINK-32169          
1 60589U 24150G   24247.91667824 -.01748264  00000+0 -17326-1 0  9995
2 60589  53.1588 354.4449 0001306  56.8923 152.4663 15.68431463  3513
STARLINK-32169          
1 60589U 24150G   24248.58334491 -.01723239  00000+0 -18898-1 0  9990
2 60589  53.1593 351.1716 0001083  44.5604 328.1296 15.65917257  3614
STARLINK-32169          
1 60589U 24150G   24249.16667824 -.01674267  00000+0 -19989-1 0  9992
2 60589  53.1595 348.3150 0000888  70.5050 350.1811 15.63707099  3697
STARLINK-32169          
1 60589U 24150G   24249.33335648 -.01747006  00000+0 -21030-1 0  9999
2 60589  53.1599 347.5013 0000987  70.9435 208.3755 15.63115828  3729
STARLINK-32169          
1 60589U 24150G   24249.58334491 -.01736289  00000+0 -21682-1 0  9995
2 60589  53.1595 346.2837 0001254  62.6105 183.8213 15.62164448  3777
STARLINK-32169          
1 60589U 24150G   24249.83335648 -.01750605  00000+0 -22685-1 0  9990
2 60589  53.1591 345.0656 0001185  62.0308 150.7841 15.61243601  3803
STARLINK-32169          
1 60589U 24150G   24249.91667824 -.01769276  00000+0 -23230-1 0  9994
2 60589  53.1593 344.6594 0000953  61.5410 259.7964 15.60940882  3834
STARLINK-32169          
1 60589U 24150G   24250.50002315 -.01755170  00000+0 -25054-1 0  9993
2 60589  53.1591 341.8264 0000923  66.5536 292.3461 15.58746845  3909
STARLINK-32169          
1 60589U 24150G   24250.58334491 -.01733724  00000+0 -25017-1 0  9994
2 60589  53.1590 341.4230 0001264  55.1513  51.5242 15.58421821  3934
STARLINK-32169          
1 60589U 24150G   24251.16667824 -.01708161  00000+0 -26732-1 0  9990
2 60589  53.1588 338.5979 0001203  81.6203  57.3023 15.56226745  4018
STARLINK-32169          
1 60589U 24150G   24251.50001157 -.01742986  00000+0 -28625-1 0  9995
2 60589  53.1591 336.9906 0001156  72.5754 134.1358 15.54996841  4060
STARLINK-32169          
1 60589U 24150G   24251.58334491 -.01721535  00000+0 -28573-1 0  9992
2 60589  53.1593 336.5892 0000960  63.6724 249.7555 15.54673340  4093
STARLINK-32169          
1 60589U 24150G   24251.91668981 -.01763952  00000+0 -30714-1 0  9992
2 60589  53.1595 334.9828 0000626  99.4741 279.9258 15.53454888  4156
STARLINK-32169          
1 60589U 24150G   24252.16668981 -.01695220  00000+0 -30439-1 0  9996
2 60589  53.1596 333.7796 0000945  94.5318 243.3351 15.52479122  4165
STARLINK-32169          
1 60589U 24150G   24252.50001157 -.01750903  00000+0 -32983-1 0  9996
2 60589  53.1596 332.1816 0001244  62.3952 338.6936 15.51259553  4217
STARLINK-32169          
1 60589U 24150G   24252.58334491 -.01685496  00000+0 -32003-1 0  9991
2 60589  53.1598 331.7823 0001188  65.7438  80.9424 15.50913594  4259
STARLINK-32169          
1 60589U 24150G   24252.83334491 -.00512559  00000+0 -97127-2 0  9996
2 60589  53.1594 330.5839 0001225  58.0108  44.9287 15.49636269  4278
STARLINK-32169          
1 60589U 24150G   24252.91667824 -.00088652  00000+0 -16017-2 0  9995
2 60589  53.1596 330.1845 0000901  66.8208 141.3181 15.49350357  4312
STARLINK-32169          
1 60589U 24150G   24253.16667824  .00016808  00000+0  30945-3 0  9992
2 60589  53.1594 328.9883 0001020  88.9697  74.3411 15.49323613  4324
STARLINK-32169          
1 60589U 24150G   24253.50001157  .00000971  00000+0  25514-4 0  9992
2 60589  53.1592 327.3962 0000788  95.9004 127.6768 15.49304091  4374
STARLINK-32169          
1 60589U 24150G   24253.58335648  .00040834  00000+0  73889-3 0  9994
2 60589  53.1593 326.9981 0000747  95.6156 233.0846 15.49290323  4417
STARLINK-32169          
1 60589U 24150G   24253.83334491 -.00855863  00000+0 -16686-1 0  9995
2 60589  53.1588 325.8016 0000551 136.6843 147.0669 15.49618612  4423
STARLINK-32169          
1 60589U 24150G   24253.91667824 -.01481778  00000+0 -28930-1 0  9999
2 60589  53.1590 325.4026 0000286  96.9003 291.8996 15.49749198  4463
STARLINK-32169          
1 60589U 24150G   24254.16667824 -.02166366  00000+0 -44380-1 0  9998
2 60589  53.1591 324.2065 0000517 100.9952 243.0074 15.49101226  4471
STARLINK-32169          
1 60589U 24150G   24254.50001157 -.02167213  00000+0 -46942-1 0  9995
2 60589  53.1590 322.6168 0001330  54.3770 348.6416 15.47516582  4521
STARLINK-32169          
1 60589U 24150G   24254.83334491 -.02199907  00000+0 -50395-1 0  9993
2 60589  53.1588 321.0280 0001420  53.3130  46.8100 15.45969324  4582
STARLINK-32169          
1 60589U 24150G   24254.91667824 -.02195085  00000+0 -50970-1 0  9993
2 60589  53.1591 320.6311 0001361  73.2488 130.8608 15.45570893  4628
STARLINK-32169          
1 60589U 24150G   24255.50001157 -.02162352  00000+0 -55104-1 0  9995
2 60589  53.1594 317.8646 0001505  79.9781 128.7143 15.42798040  4688
STARLINK-32169          
1 60589U 24150G   24255.58334491 -.02136213  00000+0 -55110-1 0  9997
2 60589  53.1595 317.4706 0001196  79.6068 232.1260 15.42391301  4738
STARLINK-32169          
1 60589U 24150G   24255.91667824 -.01177780  00000+0 -31417-1 0  9990
2 60589  53.1599 315.8933 0001484  84.0172 278.7449 15.40485773  4743
STARLINK-32169          
1 60589U 24150G   24256.16667824  .00046287  00000+0  11612-2 0  9998
2 60589  53.1600 314.7135 0001491  86.2514 223.4495 15.39592114  4788
STARLINK-32169          
1 60589U 24150G   24256.50001157 -.00019463  00000+0 -47801-3 0  9995
2 60589  53.1601 313.1449 0001634  86.8358 271.4447 15.39607593  4835
STARLINK-32169          
1 60589U 24150G   24256.58334491  .00074635  00000+0  18609-2 0  9996
2 60589  53.1602 312.7524 0001554  88.2346  12.1983 15.39566273  4899
STARLINK-32169          
1 60589U 24150G   24256.91667824 -.00094075  00000+0 -23668-2 0  9995
2 60589  53.1604 311.1798 0001936  85.6335  63.3999 15.39671618  4907
STARLINK-32169          
1 60589U 24150G   24257.25001157  .00080351  00000+0  19978-2 0  9993
2 60589  53.1605 309.6094 0001977  92.3039 105.3293 15.39616985  4955
STARLINK-32169          
1 60589U 24150G   24257.50001157 -.00148100  00000+0 -37554-2 0  9990
2 60589  53.1604 308.4327 0001767  88.4023  55.6791 15.39694097  4990
STARLINK-32169          
1 60589U 24150G   24258.16667824  .00088455  00000+0  21992-2 0  9995
2 60589  53.1603 305.2899 0001499  94.0139 147.0752 15.39572591  5090
STARLINK-32169          
1 60589U 24150G   24258.58334491  .00122163  00000+0  30163-2 0  9997
2 60589  53.1598 303.3287 0001443  82.1284 309.6664 15.39610584  5218
STARLINK-32169          
1 60589U 24150G   24258.83334491 -.00099799  00000+0 -25103-2 0  9993
2 60589  53.1596 302.1492 0001311  89.9735 248.2557 15.39709304  5196
STARLINK-32169          
1 60589U 24150G   24258.91667824 -.00066728  00000+0 -16694-2 0  9992
2 60589  53.1596 301.7561 0001251  94.3835 346.0183 15.39681972  5262
STARLINK-32169          
1 60589U 24150G   24259.00001157 -.00002121  00000+0 -43023-4 0  9999
2 60589  53.1593 301.3632 0001217  96.2321  86.3412 15.39643170  5220
STARLINK-32169          
1 60589U 24150G   24259.91667824 -.00077748  00000+0 -19512-2 0  9999
2 60589  53.1588 297.0440 0001175  92.7691 133.4680 15.39656981  5423
STARLINK-32169          
1 60589U 24150G   24260.13556249  .00008534  00000+0  22314-3 0  9993
2 60589  53.1593 296.0094 0000924 103.7834 256.3274 15.39613028  5391
STARLINK-32169          
1 60589U 24150G   24260.39523980  .00002587  00000+0  74671-4 0  9993
2 60589  53.1609 294.7899 0001405  78.7308 281.3854 15.39603608  5439
STARLINK-32169          
1 60589U 24150G   24261.10927716 -.00000209  00000+0  47596-5 0  9995
2 60589  53.1599 291.4205 0000974  71.3037 288.8074 15.39636234  5549
STARLINK-32169          
1 60589U 24150G   24261.36894074 -.00000425  00000+0 -63495-6 0  9991
2 60589  53.1601 290.1967 0001004  69.9507 290.1606 15.39629557  5585
STARLINK-32169          
1 60589U 24150G   24262.34267972 -.00001359  00000+0 -24023-4 0  9990
2 60589  53.1606 285.6142 0001036  59.9331 300.1777 15.39588829  5737
STARLINK-32169          
1 60589U 24150G   24263.25148698  .00000201  00000+0  15034-4 0  9999
2 60589  53.1607 281.3304 0001568  38.5662 321.5455 15.39596002  5878
STARLINK-32169          
1 60589U 24150G   24263.77077724  .00002814  00000+0  80283-4 0  9997
2 60589  53.1603 278.8833 0001270  84.5977 275.5173 15.39633603  5955
STARLINK-32169          
1 60589U 24150G   24264.74450812  .00004917  00000+0  13287-3 0  9993
2 60589  53.1607 274.2975 0001565  86.6386 273.4798 15.39611412  6102
STARLINK-32169          
1 60589U 24150G   24265.26382700 -.00002180  00000+0 -44505-4 0  9991
2 60589  53.1605 271.8490 0001452  62.9803 297.1350 15.39627110  6188
STARLINK-32169          
1 60589U 24150G   24265.71821695 -.00000044  00000+0  88728-5 0  9994
2 60589  53.1605 269.7031 0001364  93.6049 266.5112 15.39633793  6258
STARLINK-32169          
1 60589U 24150G   24266.30245361 -.00007376  00000+0 -17432-3 0  9998
2 60589  53.1611 266.9520 0001751  74.7202 285.3996 15.39663676  6340
STARLINK-32169          
1 60589U 24150G   24267.21125358  .00002453  00000+0  71294-4 0  9998
2 60589  53.1602 262.6701 0001107  76.3756 283.7372 15.39617233  6484
STARLINK-32169          
1 60589U 24150G   24267.40595972 -.00016097  00000+0 -39216-3 0  9990
2 60589  53.1598 261.7518 0000737  82.6312 277.4776 15.39707235  6514
STARLINK-32169          
1 60589U 24150G   24268.18497333 -.00000237  00000+0  40600-5 0  9997
2 60589  53.1599 258.0816 0001306 104.6246 255.4904 15.39618637  6638
STARLINK-32169          
1 60589U 24150G   24268.37971313  .00000773  00000+0  29309-4 0  9999
2 60589  53.1600 257.1640 0001341 100.7680 259.3476 15.39623123  6660
STARLINK-32169          
1 60589U 24150G   24268.76919827  .00001415  00000+0  45351-4 0  9993
2 60589  53.1599 255.3295 0001330  97.5069 262.6087 15.39625882  6721
STARLINK-32169          
1 60589U 24150G   24269.22359677  .00000427  00000+0  20653-4 0  9996
2 60589  53.1605 253.1888 0001380  91.4723 268.6440 15.39631812  6794
STARLINK-32169          
1 60589U 24150G   24269.67800715 -.00001245  00000+0 -21137-4 0  9998
2 60589  53.1598 251.0487 0001340  87.1227 272.9931 15.39620141  6868
STARLINK-32169          
1 60589U 24150G   24270.19733485 -.00000987  00000+0 -14704-4 0  9990
2 60589  53.1599 248.6037 0001580  91.6444 268.4742 15.39611830  6943
STARLINK-32169          
1 60589U 24150G   24270.32716071  .00000277  00000+0  16914-4 0  9992
2 60589  53.1602 247.9878 0001682 109.8242 250.2944 15.39613344  6961
STARLINK-32169          
1 60589U 24150G   24271.17103682  .00001150  00000+0  38717-4 0  9990
2 60589  53.1601 244.0129 0001136 120.6734 239.4383 15.39627725  7097
STARLINK-32169          
1 60589U 24150G   24271.62544619  .00000643  00000+0  26049-4 0  9990
2 60589  53.1598 241.8703 0000944  91.4794 268.6319 15.39618406  7169
STARLINK-32169          
1 60589U 24150G   24272.07985670  .00001732  00000+0  53280-4 0  9993
2 60589  53.1610 239.7310 0000885  87.7818 272.3288 15.39606811  7235
STARLINK-32169          
1 60589U 24150G   24272.20968616 -.00000501  00000+0 -25501-5 0  9990
2 60589  53.1604 239.1240 0001227 115.3012 244.8120 15.39614106  7256
STARLINK-32169          
1 60589U 24150G   24273.18339331  .00002668  00000+0  76646-4 0  9993
2 60589  53.1608 234.5345 0001196 103.4219 256.6919 15.39623341  7402
STARLINK-32169          
1 60589U 24150G   24273.70271167  .00007750  00000+0  20363-3 0  9994
2 60589  53.1610 232.0874 0000824 139.6041 220.5026 15.39605049  7488
STARLINK-32169          
1 60589U 24150G   24273.89745145  .00005976  00000+0  15921-3 0  9998
2 60589  53.1596 231.1685 0001028 105.2366 254.8753 15.39629166  7514
STARLINK-32169          
1 60589U 24150G   24274.28693974  .00003760  00000+0  10393-3 0  9991
2 60589  53.1597 229.3312 0001831  88.1876 271.9339 15.39627848  7579
STARLINK-32169          
1 60589U 24150G   24274.61151633  .00000244  00000+0  16096-4 0  9990
2 60589  53.1587 227.8026 0001926  86.9676 273.1549 15.39620030  7621
STARLINK-32169          
1 60589U 24150G   24275.26066790 -.00003220  00000+0 -70566-4 0  9992
2 60589  53.1596 224.7455 0001352 122.2230 237.8906 15.39607819  7721
STARLINK-32169          
1 60589U 24150G   24275.58523728 -.00000031  00000+0  92028-5 0  9990
2 60589  53.1596 223.2151 0000711 115.0790 245.0288 15.39617696  7770
STARLINK-32169          
1 60589U 24150G   24275.84489188  .00000167  00000+0  14143-4 0  9990
2 60589  53.1630 221.9902 0000321 234.8720 125.2254 15.39622912  7812
STARLINK-32169          
1 60589U 24150G   24276.23438262  .00002771  00000+0  79234-4 0  9996
2 60589  53.1584 220.1538 0001581 104.9864 255.1316 15.39621563  7870
STARLINK-32169          
1 60589U 24150G   24277.14318977  .00002726  00000+0  78127-4 0  9997
2 60589  53.1592 215.8705 0001435 151.1582 208.9503 15.39612603  8011
STARLINK-32169          
1 60589U 24150G   24277.20810544  .00002052  00000+0  61296-4 0  9992
2 60589  53.1593 215.5646 0001348 148.6045 211.5041 15.39611387  8027
STARLINK-32169          
1 60589U 24150G   24278.11689610  .00006474  00000+0  17156-3 0  9998
2 60589  53.1597 211.2842 0000544  60.7722 299.3337 15.39642435  8160
STARLINK-32169          
1 60589U 24150G   24278.83094928  .00006992  00000+0  18449-3 0  9990
2 60589  53.1601 207.9228 0000440  98.7191 261.3863 15.39641614  8275
STARLINK-32169          
1 60589U 24150G   24279.09062639 -.00002948  00000+0 -63799-4 0  9991
2 60589  53.1596 206.6935 0000979 136.2877 223.8205 15.39601638  8315
STARLINK-32169          
1 60589U 24150G   24279.22045157 -.00000653  00000+0 -63492-5 0  9994
2 60589  53.1600 206.0816 0000808 139.3421 220.7645 15.39611279  8331
STARLINK-32169          
1 60589U 24150G   24280.06433628 -.00001594  00000+0 -29887-4 0  9996
2 60589  53.1600 202.1110 0000851  47.7205 312.3872 15.39624628  8461
STARLINK-32169          
1 60589U 24150G   24280.77841467  .00004700  00000+0  12753-3 0  9991
2 60589  53.1601 198.7482 0000965  62.4056 297.7047 15.39592199  8577
STARLINK-32169          
1 60589U 24150G   24281.16787967  .00008678  00000+0  22667-3 0  9992
2 60589  53.1616 196.9130 0000871  59.8540 300.2551 15.39619879  8639
STARLINK-32169          
1 60589U 24150G   24281.49244309  .00008980  00000+0  23396-3 0  9992
2 60589  53.1602 195.3823 0000663  66.5687 293.5388 15.39653015  8689
STARLINK-32169          
1 60589U 24150G   24282.01179618 -.00006250  00000+0 -14659-3 0  9993
2 60589  53.1598 192.9383 0001305  69.3485 290.7660 15.39582177  8769
STARLINK-32169          
1 60589U 24150G   24282.40144617  .00006342  00000+0  16888-3 0  9993
2 60589  53.1600 191.1024 0001557  79.4142 280.7038 15.39532111  8825
STARLINK-32169          
1 60589U 24150G   24283.11535332 -.00019786  00000+0 -48718-3 0  9995
2 60589  53.1598 187.7355 0001392 149.8807 210.2278 15.39543303  8937
STARLINK-32169          
1 60589U 24150G   24283.24518610 -.00016428  00000+0 -40249-3 0  9990
2 60589  53.1593 187.1237 0001271  76.2810 283.8337 15.39552162  8955
STARLINK-32169          
1 60589U 24150G   24284.08905582  .00011237  00000+0  29036-3 0  9993
2 60589  53.1594 183.1471 0001092 100.1336 259.9792 15.39632417  9089
STARLINK-32169          
1 60589U 24150G   24284.41362900  .00012441  00000+0  32033-3 0  9990
2 60589  53.1593 181.6174 0001308  66.5059 293.6084 15.39635013  9138
STARLINK-32169          
1 60589U 24150G   24284.86802369  .00008162  00000+0  21369-3 0  9992
2 60589  53.1596 179.4780 0001431  99.0574 261.0593 15.39639134  9209
STARLINK-32169          
1 60589U 24150G   24285.12764715  .00026991  00000+0  68055-3 0  9997
2 60589  53.1595 178.2544 0001112  65.4616 294.6504 15.39701557  9240
STARLINK-32169          
1 60589U 24150G   24285.84176617 -.00011631  00000+0 -28141-3 0  9993
2 60589  53.1592 174.8885 0001467 105.7266 254.3901 15.39601289  9356
STARLINK-32169          
1 60589U 24150G   24285.97161339 -.00019720  00000+0 -48518-3 0  9999
2 60589  53.1589 174.2760 0001494  89.1147 271.0029 15.39563517  9371
STARLINK-32169          
1 60589U 24150G   24286.42599093 -.00004749  00000+0 -10882-3 0  9990
2 60589  53.1597 172.1357 0001375  93.0774 267.0388 15.39618166  9449
STARLINK-32169          
1 60589U 24150G   24286.68564534 -.00000124  00000+0  68843-5 0  9994
2 60589  53.1599 170.9127 0000747  53.4790 306.6284 15.39620709  9487
STARLINK-32169          
1 60589U 24150G   24287.07510729  .00004580  00000+0  12423-3 0  9995
2 60589  53.1598 169.0759 0001777 110.2699 249.8497 15.39664914  9547
STARLINK-32169          
1 60589U 24150G   24287.91902878  .00008546  00000+0  22351-3 0  9995
2 60589  53.1598 165.1008 0001605 128.6005 231.5144 15.39604339  9671
STARLINK-32169          
1 60589U 24150G   24287.98394664  .00009594  00000+0  24977-3 0  9990
2 60589  53.1604 164.7956 0001504 114.7070 245.4092 15.39589783  9684
STARLINK-32169          
1 60589U 24150G   24288.37343394  .00008507  00000+0  22256-3 0  9999
2 60589  53.1605 162.9593 0001470 114.6474 245.4684 15.39601092  9743
STARLINK-32169          
1 60589U 24150G   24289.02256398 -.00003349  00000+0 -73732-4 0  9996
2 60589  53.1606 159.9005 0001389 112.5820 247.5332 15.39633871  9843
STARLINK-32169          
1 60589U 24150G   24289.60678897 -.00000351  00000+0  12086-5 0  9997
2 60589  53.1620 157.1428 0000772 169.3969 190.7052 15.39630477  9934
STARLINK-32169          
1 60589U 24150G   24289.67169401  .00001346  00000+0  43597-4 0  9994
2 60589  53.1610 156.8431 0001041  95.6615 264.4508 15.39646061  9944
STARLINK-32169          
1 60589U 24150G   24289.93136550 -.00001077  00000+0 -16914-4 0  9998
2 60589  53.1602 155.6209 0002135 110.9072 249.2162 15.39625396  9987
STARLINK-32169          
1 60589U 24150G   24290.06119877 -.00000215  00000+0  46139-5 0  9992
2 60589  53.1606 155.0060 0001092 104.5255 255.5871 15.39617107 10006
STARLINK-32169          
1 60589U 24150G   24290.32085716  .00000089  00000+0  12195-4 0  9997
2 60589  53.1609 153.7835 0001199 101.8894 258.2245 15.39619462 10046
STARLINK-32169          
1 60589U 24150G   24290.90508167  .00000664  00000+0  26577-4 0  9999
2 60589  53.1578 151.0311 0001375  95.8079 264.3082 15.39626288 10135
STARLINK-32169          
1 60589U 24150G   24290.96999568  .00001122  00000+0  38031-4 0  9992
2 60589  53.1570 150.7253 0001400  96.9740 263.1424 15.39627459 10143
STARLINK-32169          
1 60589U 24150G   24292.00861361 -.00010229  00000+0 -24586-3 0  9997
2 60589  53.1544 145.8306 0001477  95.9623 264.1550 15.39646672 10308
STARLINK-32169          
1 60589U 24150G   24292.91743435  .00001541  00000+0  48509-4 0  9995
2 60589  53.1540 141.5482 0001648 106.5495 253.5691 15.39623776 10441
STARLINK-32169          
1 60589U 24150G   24293.30691811  .00003234  00000+0  90777-4 0  9994
2 60589  53.1554 139.7133 0001807 106.8938 253.2265 15.39630092 10500
STARLINK-32169          
1 60589U 24150G   24293.89115250  .00000928  00000+0  33184-4 0  9992
2 60589  53.1573 136.9596 0001373 121.6459 238.4680 15.39617186 10598
STARLINK-32169          
1 60589U 24150G   24293.95607004 -.00000825  00000+0 -10642-4 0  9994
2 60589  53.1584 136.6556 0001347  82.7485 277.3673 15.39615597 10600
STARLINK-32169          
1 60589U 24150G   24294.92978617  .00000599  00000+0  24963-4 0  9990
2 60589  53.1586 132.0649 0001294 109.1566 250.9579 15.39621364 10757
STARLINK-32169          
1 60589U 24150G   24294.99470141  .00000623  00000+0  25552-4 0  9999
2 60589  53.1598 131.7596 0001339 116.7943 243.3199 15.39623305 10762
STARLINK-32169          
1 60589U 24150G   24295.90425589 -.00110399  00000+0 -28708-2 0  9995
2 60589  53.1591 127.4833 0003968  12.5074 347.6028 15.38741757 10905
STARLINK-32169          
1 60589U 24150G   24296.25001157 -.02224520  00000+0 -69232-1 0  9995
2 60589  53.1588 125.8540 0001269  90.0148  27.3835 15.36274507 10958
STARLINK-32169          
1 60589U 24150G   24296.58334491 -.02202688  00000+0 -72052-1 0  9996
2 60589  53.1595 124.2929 0001436  91.2142  69.7655 15.34696005  5967
STARLINK-32169          
1 60589U 24150G   24296.83334491 -.02201935  00000+0 -74819-1 0  9991
2 60589  53.1596 123.1262 0001338  70.7533  31.6795 15.33507288 11045
STARLINK-32169          
1 60589U 24150G   24296.91668981 -.02164156  00000+0 -74362-1 0  9990
2 60589  53.1598 122.7375 0001377  81.5102 121.2372 15.33093852  5858
STARLINK-32169          
1 60589U 24150G   24297.41667824 -.00205800  00000+0 -71031-2 0  9992
2 60589  53.1598 120.4068 0001096  96.8358 344.8941 15.30320254 11131
STARLINK-32169          
1 60589U 24150G   24297.58334491  .00001721  00000+0  70236-4 0  9993
2 60589  53.1601 119.6330 0001187  91.6189 188.8016 15.30188212  5952
STARLINK-32169          
1 60589U 24150G   24297.91668981  .00050105  00000+0  16949-2 0  9993
2 60589  53.1604 118.0867 0001229  81.3751 236.3704 15.30153436  5853
STARLINK-32169          
1 60589U 24150G   24298.25001157  .00039045  00000+0  13248-2 0  9996
2 60589  53.1604 116.5370 0001313  90.6510 264.2009 15.30167590 11261
STARLINK-32169          
1 60589U 24150G   24298.50001157  .00062947  00000+0  21210-2 0  9999
2 60589  53.1606 115.3754 0001385  98.4940 194.2466 15.30176982 11295
STARLINK-32169          
1 60589U 24150G   24298.58334491  .00012828  00000+0  44436-3 0  9996
2 60589  53.1607 114.9890 0001378  96.2457 295.7999 15.30208544  5968
STARLINK-32169          
1 60589U 24150G   24298.91667824  .00078039  00000+0  26199-2 0  9993
2 60589  53.1607 113.4423 0001326  87.7449 341.5858 15.30194448  5919
STARLINK-32169          
1 60589U 24150G   24299.16667824 -.00123609  00000+0 -42172-2 0  9996
2 60589  53.1607 112.2797 0001275  97.0006 270.2988 15.30303154 11405
STARLINK-32169          
1 60589U 24150G   24299.91667824  .00046821  00000+0  15846-2 0  9995
2 60589  53.1610 108.7974 0001372  70.3425 110.8713 15.30167296 11515
STARLINK-32169          
1 60589U 24150G   24300.50001157  .00034993  00000+0  11883-2 0  9998
2 60589  53.1612 106.0859 0001328  85.3229  71.0885 15.30192872 11605
STARLINK-32169          
1 60589U 24150G   24300.58334491 -.00018879  00000+0 -62651-3 0  9993
2 60589  53.1611 105.6994 0001310  84.3492 171.3723 15.30219752  5730
STARLINK-32169          
1 60589U 24150G   24300.91668981  .00007037  00000+0  24974-3 0  9992
2 60589  53.1610 104.1524 0001285  79.9453 213.1432 15.30167298 11668
STARLINK-32169          
1 60589U 24150G   24301.19010368  .00002882  00000+0  10936-3 0  9999
2 60589  53.1631 102.8815 0001364  66.0576 294.0567 15.30206724 11711
STARLINK-32169          
1 60589U 24150G   24301.45136379  .00003716  00000+0  13754-3 0  9997
2 60589  53.1635 101.6689 0001500  78.0042 282.1127 15.30199697 11758
STARLINK-32169          
1 60589U 24150G   24301.84326105  .00001290  00000+0  55692-4 0  9991
2 60589  53.1621  99.8436 0001112  84.1270 275.9858 15.30192162 11819
STARLINK-32169          
1 60589U 24150G   24302.43110481  .00004959  00000+0  17967-3 0  9992
2 60589  53.1613  97.1141 0001706 107.8956 252.2231 15.30158311 11908
STARLINK-32169          
1 60589U 24150G   24302.82297259  .00002671  00000+0  10227-3 0  9995
2 60589  53.1623  95.2968 0002161  93.5801 266.5447 15.30211279 11967
STARLINK-32169          
1 60589U 24150G   24303.14955554 -.00000806  00000+0 -15079-4 0  9991
2 60589  53.1622  93.7801 0002291  76.2856 283.8400 15.30193586 12015
STARLINK-32169          
1 60589U 24150G   24303.67208338 -.00003073  00000+0 -91765-4 0  9995
2 60589  53.1615  91.3488 0001092  88.1439 271.9687 15.30172269 12097
STARLINK-32169          
1 60589U 24150G   24304.12928748  .00001060  00000+0  47917-4 0  9992
2 60589  53.1628  89.2266 0001082 102.0871 258.0251 15.30181734 12164
STARLINK-32169          
1 60589U 24150G   24304.58648332  .00002343  00000+0  91225-4 0  9996
2 60589  53.1604  87.1063 0001201  77.6678 282.4458 15.30195249 12239
STARLINK-32169          
1 60589U 24150G   24305.37026728  .00002916  00000+0  11061-3 0  9998
2 60589  53.1613  83.4657 0001290  71.0970 289.0170 15.30183747 12355
STARLINK-32169          
1 60589U 24150G   24306.54592882 -.00000611  00000+0 -85017-5 0  9993
2 60589  53.1620  78.0045 0001374  76.5502 283.5652 15.30195328 12530
STARLINK-32169          
1 60589U 24150G   24306.61124223  .00000201  00000+0  18924-4 0  9996
2 60589  53.1607  77.7000 0001250  80.1183 279.9959 15.30196712 12549
STARLINK-32169          
1 60589U 24150G   24307.52566031 -.00003905  00000+0 -11988-3 0  9992
2 60589  53.1602  73.4532 0001055  32.7215 327.3851 15.30172654 12682
STARLINK-32169          
1 60589U 24150G   24307.59097601 -.00004383  00000+0 -13606-3 0  9991
2 60589  53.1609  73.1493 0001285  78.8721 281.2424 15.30170946 12697
STARLINK-32169          
1 60589U 24150G   24307.65629089 -.00003726  00000+0 -11384-3 0  9990
2 60589  53.1602  72.8503 0001216  49.9826 310.1282 15.30173577 12706
STARLINK-32169          
1 60589U 24150G   24308.04816499  .00000657  00000+0  34323-4 0  9994
2 60589  53.1622  71.0270 0001348  92.2601 267.8554 15.30200970 12762
STARLINK-32169          
1 60589U 24150G   24308.50538602 -.00009689  00000+0 -31584-3 0  9993
2 60589  53.1614  68.9059 0001396  68.5131 291.6019 15.30158414 12834
STARLINK-32169          
1 60589U 24150G   24308.63601634 -.00008534  00000+0 -27666-3 0  9997
2 60589  53.1612  68.3012 0001216  82.3359 277.7780 15.30160478 12857
STARLINK-32169          
1 60589U 24150G   24309.48508767  .00003823  00000+0  14112-3 0  9990
2 60589  53.1606  64.3526 0001204  57.7337 302.3780 15.30204717 12989
STARLINK-32169          
1 60589U 24150G   24309.61571935  .00006233  00000+0  22239-3 0  9999
2 60589  53.1601  63.7475 0001231  63.9009 296.2118 15.30201446 13001
STARLINK-32169          
1 60589U 24150G   24310.46482760 -.00002519  00000+0 -72996-4 0  9992
2 60589  53.1607  59.8036 0001316  97.8151 262.2999 15.30186515 13137
STARLINK-32169          
1 60589U 24150G   24310.59546685  .00005498  00000+0  19778-3 0  9998
2 60589  53.1611  59.1996 0001534  96.3025 263.8150 15.30172512 13156
STARLINK-32169          
1 60589U 24150G   24311.44452840  .00004709  00000+0  17093-3 0  9994
2 60589  53.1608  55.2513 0001214  82.0551 278.0588 15.30217421 13281
STARLINK-32169          
1 60589U 24150G   24311.57516719 -.00000746  00000+0 -13051-4 0  9994
2 60589  53.1612  54.6469 0001243  95.2522 264.8620 15.30192623 13304
STARLINK-32169          
1 60589U 24150G   24312.55489923 -.00000812  00000+0 -15282-4 0  9991
2 60589  53.1614  50.0968 0001466 108.6271 251.4889 15.30186025 13451
STARLINK-32169          
1 60589U 24150G   24313.27334843  .00005813  00000+0  20818-3 0  9995
2 60589  53.1614  46.7591 0001832 107.2471 252.8730 15.30207304 13565
STARLINK-32169          
1 60589U 24150G   24313.53462451 -.00001846  00000+0 -50272-4 0  9993
2 60589  53.1613  45.5456 0001278  91.0678 269.0469 15.30172600 13608
STARLINK-32169          
1 60589U 24150G   24313.99182446  .00000384  00000+0  25122-4 0  9996
2 60589  53.1623  43.4230 0001485  92.8744 267.2427 15.30185527 13672
STARLINK-32169          
1 60589U 24150G   24314.51432966  .00000405  00000+0  25792-4 0  9997
2 60589  53.1613  40.9943 0000997 111.3845 248.7262 15.30205724 13752
STARLINK-32169          
1 60589U 24150G   24314.64494517  .00002565  00000+0  98630-4 0  9991
2 60589  53.1611  40.3872 0002010 101.0768 259.0459 15.30222439 13770
STARLINK-32169          
1 60589U 24150G   24315.49407956 -.00014909  00000+0 -49323-3 0  9997
2 60589  53.1608  36.4441 0001067  90.6795 269.4328 15.30136488 13901
STARLINK-32169          
1 60589U 24150G   24315.95129520 -.00008582  00000+0 -27842-3 0  9998
2 60589  53.1607  34.3207 0002850  87.7793 272.3534 15.30138720 13973
STARLINK-32169          
1 60589U 24150G   24316.60439715  .00000670  00000+0  34721-4 0  9994
2 60589  53.1611  31.2861 0001154  86.0301 274.0832 15.30218367 14071
STARLINK-32169          
1 60589U 24150G   24317.19225290  .00000620  00000+0  33097-4 0  9990
2 60589  53.1600  28.5586 0002114 104.1765 255.9471 15.30174050 14162
STARLINK-32169          
1 60589U 24150G   24317.51883892  .00007615  00000+0  26941-3 0  9994
2 60589  53.1595  27.0448 0001329  79.2609 280.8541 15.30146363 14219
STARLINK-32169          
1 60589U 24150G   24317.91071569  .00007347  00000+0  26014-3 0  9991
2 60589  53.1617  25.2173 0001202 114.6935 245.4191 15.30175186 14274
STARLINK-32169          
1 60589U 24150G   24318.49853983  .00002618  00000+0  10053-3 0  9995
2 60589  53.1602  22.4858 0001633 112.5781 247.5393 15.30191079 14367
STARLINK-32169          
1 60589U 24150G   24319.41296538  .00010907  00000+0  38043-3 0  9994
2 60589  53.1602  18.2395 0001719 135.8142 224.2996 15.30148363 14505
STARLINK-32169          
1 60589U 24150G   24319.54357749 -.00000621  00000+0 -88326-5 0  9995
2 60589  53.1600  17.6314 0001298 137.4717 222.6385 15.30194939 14521
STARLINK-32169          
1 60589U 24150G   24320.45797331  .00000926  00000+0  43391-4 0  9990
2 60589  53.1606  13.3826 0001218  92.4518 267.6622 15.30201341 14663
STARLINK-32169          
1 60589U 24150G   24320.52328888  .00000724  00000+0  36572-4 0  9994
2 60589  53.1591  13.0853 0001004 104.7022 255.4090 15.30199725 14670
STARLINK-32169          
1 60589U 24150G   24320.84987284 -.00000837  00000+0 -16139-4 0  9994
2 60589  53.1598  11.5641 0001140  85.1032 275.0098 15.30188657 14723
STARLINK-32169          
1 60589U 24150G   24321.17644711 -.00000132  00000+0  76720-5 0  9996
2 60589  53.1604  10.0483 0001035  87.5476 272.5643 15.30186738 14771
STARLINK-32169          
1 60589U 24150G   24322.15616601  .00000060  00000+0  14161-4 0  9991
2 60589  53.1601   5.4992 0001753  91.2440 268.8761 15.30190467 14921
STARLINK-32169          
1 60589U 24150G   24322.74399450  .00000707  00000+0  36008-4 0  9998
2 60589  53.1607   2.7674 0001259  79.7012 280.4130 15.30197639 15010
STARLINK-32169          
1 60589U 24150G   24323.13591365 -.00002557  00000+0 -74327-4 0  9994
2 60589  53.1616   0.9520 0001213  71.7878 288.3254 15.30167763 15077
STARLINK-32169          
1 60589U 24150G   24323.39718722 -.00003586  00000+0 -10917-3 0  9997
2 60589  53.1611 359.7379 0001055  81.8458 278.2662 15.30156679 15119
STARLINK-32169          
1 60589U 24150G   24323.59309993  .00001296  00000+0  55894-4 0  9993
2 60589  53.1601 358.8255 0001388  85.8110 274.3049 15.30195861 15144
STARLINK-32169          
1 60589U 24150G   24324.37685770  .00004384  00000+0  16000-3 0  9996
2 60589  53.1604 355.1859 0000693  64.0989 296.0083 15.30210606 15265
STARLINK-32169          
1 60589U 24150G   24324.50748379  .00004432  00000+0  16162-3 0  9999
2 60589  53.1602 354.5781 0001382  83.8534 276.2624 15.30213267 15280
STARLINK-32169          
1 60589U 24150G   24325.48722245  .00006237  00000+0  22270-3 0  9993
2 60589  53.1597 350.0235 0001910  96.4451 263.6767 15.30177965 15432
STARLINK-32169          
1 60589U 24150G   24327.44665184  .00001571  00000+0  65169-4 0  9990
2 60589  53.1604 340.9200 0001742 104.6458 255.4736 15.30196823 15735
STARLINK-32169          
1 60589U 24150G   24328.42641818 -.00002609  00000+0 -76098-4 0  9995
2 60589  53.1603 336.3734 0000429 104.2748 255.8301 15.30166148 15889
STARLINK-32169          
1 60589U 24150G   24329.47140340  .00002017  00000+0  80174-4 0  9996
2 60589  53.1599 331.5239 0001623  73.9518 286.1662 15.30215231 16048
STARLINK-32169          
1 60589U 24150G   24330.38584552  .00003556  00000+0  13230-3 0  9992
2 60589  53.1602 327.2688 0001288  86.2866 273.8282 15.30154304 16182
STARLINK-32169          
1 60589U 24150G   24331.16960150 -.00007284  00000+0 -23390-3 0  9993
2 60589  53.1621 323.6283 0001375  35.3733 324.7358 15.30218888 16301
STARLINK-32169          
1 60589U 24150G   24332.34526811  .00001721  00000+0  70269-4 0  9992
2 60589  53.1605 318.1692 0001287  79.1272 280.9873 15.30176302 16480
STARLINK-32169          
1 60589U 24150G   24333.32497815  .00000347  00000+0  23859-4 0  9998
2 60589  53.1598 313.6183 0001344 191.8451 168.2518 15.30195969 16632
STARLINK-32169          
1 60589U 24150G   24334.04345506  .00013994  00000+0  48466-3 0  9999
2 60589  53.1620 310.2808 0002779  74.3573 285.7734 15.30136057 16748
STARLINK-32169          
1 60589U 24150G   24334.37002585 -.00000052  00000+0  10379-4 0  9997
2 60589  53.1609 308.7664 0001306  91.2621 268.8530 15.30190105 16799
STARLINK-32169          
1 60589U 24150G   24334.63128841 -.00000009  00000+0  11819-4 0  9992
2 60589  53.1605 307.5518 0001468  90.6865 269.4304 15.30186446 16836
STARLINK-32169          
1 60589U 24150G   24335.28443050  .00000075  00000+0  14678-4 0  9994
2 60589  53.1605 304.5162 0001963  72.6414 287.4801 15.30199446 16935
STARLINK-32169          
1 60589U 24150G   24336.19882231 -.00005157  00000+0 -16195-3 0  9996
2 60589  53.1604 300.2688 0001494  64.0721 296.0433 15.30230777 17071
STARLINK-32169          
1 60589U 24150G   24336.91730115  .00000064  00000+0  14305-4 0  9991
2 60589  53.1588 296.9345 0001408  82.7428 277.3733 15.30191525 17183
STARLINK-32169          
1 60589U 24150G   24337.17856253  .00000812  00000+0  39604-4 0  9992
2 60589  53.1602 295.7195 0002805  90.9219 269.2103 15.30184473 17221
STARLINK-32169          
1 60589U 24150G   24337.30919367 -.00001064  00000+0 -23802-4 0  9998
2 60589  53.1581 295.1125 0001330  77.3586 282.7563 15.30190049 17240
STARLINK-32169          
1 60589U 24150G   24338.28890906  .00001103  00000+0  49354-4 0  9995
2 60589  53.1620 290.5628 0000879  87.3189 272.7912 15.30191694 17398
STARLINK-32169          
1 60589U 24150G   24339.13801036  .00000364  00000+0  24432-4 0  9994
2 60589  53.1621 286.6184 0001306  83.1966 276.9183 15.30179789 17527
STARLINK-32169          
1 60589U 24150G   24340.05241246  .00000481  00000+0  28386-4 0  9990
2 60589  53.1606 282.3718 0001113  92.2762 267.8366 15.30189892 17660
STARLINK-32169          
1 60589U 24150G   24340.24833887  .00002955  00000+0  11180-3 0  9990
2 60589  53.1620 281.4620 0001120 108.8392 251.2730 15.30212218 17693
STARLINK-32169          
1 60589U 24150G   24340.57492404  .00000816  00000+0  39678-4 0  9999
2 60589  53.1621 279.9455 0001323  96.3959 263.7193 15.30197572 17749
STARLINK-32169          
1 60589U 24150G   24341.22807568  .00002026  00000+0  80534-4 0  9995
2 60589  53.1637 276.9103 0000951 112.5507 247.5594 15.30181273 17846
STARLINK-32169          
1 60589U 24150G   24341.55465688 -.00000300  00000+0  19997-5 0  9994
2 60589  53.1625 275.3958 0001193  82.3322 277.7814 15.30180970 17890
STARLINK-32169          
1 60589U 24150G   24341.81591422 -.00000949  00000+0 -19926-4 0  9990
2 60589  53.1622 274.1813 0001018  92.0461 268.0657 15.30187266 17930
STARLINK-32169          
1 60589U 24150G   24342.46910344 -.00007249  00000+0 -23326-3 0  9998
2 60589  53.1614 271.1465 0001471  97.0291 263.0877 15.30142125 18036
STARLINK-32169          
1 60589U 24150G   24342.53442126 -.00007665  00000+0 -24741-3 0  9998
2 60589  53.1612 270.8431 0001401 113.8751 246.2397 15.30139213 18049
STARLINK-32169          
1 60589U 24150G   24342.79568067 -.00005834  00000+0 -18534-3 0  9998
2 60589  53.1629 269.6289 0000949 123.0680 237.0412 15.30140824 18084
STARLINK-32169          
1 60589U 24150G   24343.12220339  .00004053  00000+0  14890-3 0  9994
2 60589  53.1609 268.1129 0001554  87.5619 272.5559 15.30199550 18130
STARLINK-32169          
1 60589U 24150G   24343.38343958  .00006623  00000+0  23537-3 0  9998
2 60589  53.1616 266.9007 0001247  91.6642 268.4502 15.30223215 18172
STARLINK-32169          
1 60589U 24150G   24343.51407158  .00004712  00000+0  17104-3 0  9996
2 60589  53.1608 266.2941 0000618 261.4911  98.6020 15.30213440 18199
STARLINK-32169          
1 60589U 24150G   24344.10193663 -.00000868  00000+0 -17178-4 0  9997
2 60589  53.1613 263.5632 0001335  67.5715 292.5427 15.30185903 18284
STARLINK-32169          
1 60589U 24150G   24344.75508923  .00005708  00000+0  20490-3 0  9993
2 60589  53.1603 260.5289 0001301  95.3421 264.7728 15.30164948 18386
STARLINK-32169          
1 60589U 24150G   24345.08165605 -.00003327  00000+0 -10023-3 0  9994
2 60589  53.1605 259.0084 0001231  94.1724 265.9417 15.30205663 18433
STARLINK-32169          
1 60589U 24150G   24345.47353817 -.00003094  00000+0 -92351-4 0  9997
2 60589  53.1604 257.1884 0001144 102.2483 257.8646 15.30207992 18492
STARLINK-32169          
1 60589U 24150G   24345.73479104 -.00002609  00000+0 -75990-4 0  9995
2 60589  53.1598 255.9750 0000790 134.8466 225.2599 15.30208040 18536
STARLINK-32169          
1 60589U 24150G   24345.93073279 -.00007603  00000+0 -24467-3 0  9991
2 60589  53.1602 255.0637 0000726  78.2089 281.8993 15.30224453 18563
STARLINK-32169          
1 60589U 24150G   24346.12670047 -.00001625  00000+0 -42781-4 0  9997
2 60589  53.1596 254.1574 0000811 110.9981 249.1106 15.30174588 18594
STARLINK-32169          
1 60589U 24150G   24346.45326438  .00000296  00000+0  22102-4 0  9991
2 60589  53.1614 252.6407 0000655  80.0672 280.0403 15.30188804 18649
STARLINK-32169          
1 60589U 24150G   24347.04109157  .00000670  00000+0  34728-4 0  9997
2 60589  53.1606 249.9053 0000944  60.3566 299.7529 15.30197601 18731
STARLINK-32169          
1 60589U 24150G   24347.17172446  .00000356  00000+0  24139-4 0  9998
2 60589  53.1597 249.3010 0000742  84.5172 275.5913 15.30191854 18759
STARLINK-32169          
1 60589U 24150G   24347.69424761  .00000243  00000+0  20334-4 0  9993
2 60589  53.1606 246.8751 0000788  72.4317 287.6770 15.30186636 18837
STARLINK-32169          
1 60589U 24150G   24348.73927239  .00000189  00000+0  18497-4 0  9993
2 60589  53.1597 242.0211 0001025  78.4858 281.6257 15.30205469 18993
STARLINK-32169          
1 60589U 24150G   24349.71900207  .00006598  00000+0  23489-3 0  9994
2 60589  53.1584 237.4688 0000891  87.5546 272.5557 15.30170686 19142
STARLINK-32169          
1 60589U 24150G   24350.11087821 -.00003174  00000+0 -95022-4 0  9990
2 60589  53.1587 235.6490 0001199  77.1379 282.9756 15.30216654 19206
STARLINK-32169          
1 60589U 24150G   24350.69871478  .00000649  00000+0  34043-4 0  9990
2 60589  53.1578 232.9193 0001086  83.2626 276.8498 15.30197609 19296
STARLINK-32169          
1 60589U 24150G   24351.09061224 -.00000517  00000+0 -53371-5 0  9997
2 60589  53.1605 231.0982 0001288  94.1811 265.9337 15.30188238 19350
STARLINK-32169          
1 60589U 24150G   24351.93969739  .00000835  00000+0  40333-4 0  9992
2 60589  53.1577 227.1544 0001184  81.9352 278.1783 15.30195597 19488
STARLINK-32169          
1 60589U 24150G   24352.07032720  .00000835  00000+0  40324-4 0  9999
2 60589  53.1589 226.5475 0000879  73.0249 287.0848 15.30195330 19503
STARLINK-32169          
1 60589U 24150G   24352.91941834  .00004959  00000+0  17954-3 0  9990
2 60589  53.1581 222.6036 0001083  80.6322 279.4801 15.30181124 19633
STARLINK-32169          
1 60589U 24150G   24353.05002788 -.00008386  00000+0 -27093-3 0  9997
2 60589  53.1581 221.9963 0000702  78.0706 282.0373 15.30246549 19657
STARLINK-32169          
1 60589U 24150G   24353.89915170 -.00001223  00000+0 -29178-4 0  9997
2 60589  53.1587 218.0532 0001321  98.7474 261.3677 15.30184663 19780
STARLINK-32169          
1 60589U 24150G   24354.02977995 -.00000765  00000+0 -13700-4 0  9990
2 60589  53.1579 217.4460 0001453  98.4039 261.7126 15.30186045 19806
STARLINK-32169          
1 60589U 24150G   24354.87885940  .00000786  00000+0  38674-4 0  9999
2 60589  53.1600 213.5028 0001545 100.2512 259.8663 15.30197219 19931
STARLINK-32169          
1 60589U 24150G   24355.33606984 -.00000707  00000+0 -11747-4 0  9997
2 60589  53.1596 211.3798 0001445  95.5119 264.6047 15.30189891 20000
STARLINK-32169          
1 60589U 24150G   24355.59733126  .00001345  00000+0  57564-4 0  9998
2 60589  53.1594 210.1659 0001394  99.5274 260.5885 15.30181298 20042
STARLINK-32169          
1 60589U 24150G   24355.85858753  .00001312  00000+0  56452-4 0  9990
2 60589  53.1593 208.9541 0001196  87.7264 272.3873 15.30186583 20088
STARLINK-32169          
1 60589U 24150G   24355.92390108  .00001594  00000+0  65951-4 0  9999
2 60589  53.1569 208.6486 0001285  98.9227 261.1919 15.30187345 20093
STARLINK-32169          
1 60589U 24150G   24356.77299349  .00000300  00000+0  22277-4 0  9996
2 60589  53.1580 204.7047 0001399 100.2650 259.8509 15.30188809 20229
STARLINK-32169          
1 60589U 24150G   24356.96894036 -.00000133  00000+0  76260-5 0  9998
2 60589  53.1582 203.7948 0001383  99.1916 260.9241 15.30186442 20254
STARLINK-32169          
1 60589U 24150G   24357.81803028  .00003315  00000+0  12407-3 0  9999
2 60589  53.1588 199.8506 0001347  98.2453 261.8700 15.30180919 20388
STARLINK-32169          
1 60589U 24150G   24357.94865515 -.00000166  00000+0  65047-5 0  9994
2 60589  53.1584 199.2433 0001206  94.7023 265.4116 15.30195854 20403
STARLINK-32169          
1 60589U 24150G   24358.53648982  .00000093  00000+0  15264-4 0  9990
2 60589  53.1584 196.5141 0001117  85.5932 274.5196 15.30191781 20490
STARLINK-32169          
1 60589U 24150G   24358.86306517 -.00000156  00000+0  68427-5 0  9992
2 60589  53.1581 194.9964 0001080  91.1871 268.9253 15.30190026 20544
STARLINK-32169          
1 60589U 24150G   24359.25495175  .00000121  00000+0  16220-4 0  9999
2 60589  53.1578 193.1755 0001037  96.9986 263.1133 15.30192381 20608
STARLINK-32169          
1 60589U 24150G   24359.90810403 -.00000765  00000+0 -13724-4 0  9998
2 60589  53.1573 190.1407 0000973 105.4971 254.6137 15.30187368 20701
STARLINK-32169          
1 60589U 24150G   24359.97341919 -.00000804  00000+0 -15024-4 0  9995
2 60589  53.1573 189.8375 0000973 104.4679 255.6430 15.30187200 20717
STARLINK-32169          
1 60589U 24150G   24360.23467370 -.00000062  00000+0  10041-4 0  9995
2 60589  53.1575 188.6248 0000944 105.2094 254.9011 15.30193324 20758
STARLINK-32169          
1 60589U 24150G   24360.69187014  .00001143  00000+0  50715-4 0  9991
2 60589  53.1574 186.5005 0000908 109.8056 250.3042 15.30199942 20827
STARLINK-32169          
1 60589U 24150G   24361.21439340  .00000535  00000+0  30189-4 0  9999
2 60589  53.1580 184.0722 0000907  87.3562 272.7542 15.30194396 20904
STARLINK-32169          
1 60589U 24150G   24361.47565874 -.00000213  00000+0  49191-5 0  9997
2 60589  53.1578 182.8628 0001023 112.9122 247.1987 15.30187676 20945
STARLINK-32169          
1 60589U 24150G   24361.54097743 -.00000643  00000+0 -95898-5 0  9993
2 60589  53.1580 182.5571 0001066 100.9936 259.1185 15.30183845 20957
STARLINK-32169          
1 60589U 24150G   24361.80222802  .00001063  00000+0  48006-4 0  9991
2 60589  53.1585 181.3422 0001085  94.3688 265.7437 15.30193380 20997
STARLINK-32169          
1 60589U 24150G   24362.52068091  .00000957  00000+0  44429-4 0  9995
2 60589  53.1602 178.0065 0001331  96.2423 263.8730 15.30209159 21106
STARLINK-32169          
1 60589U 24150G   24362.71664281 -.00001909  00000+0 -52360-4 0  9992
2 60589  53.1604 177.0970 0001253  89.7238 270.3906 15.30189147 21131
STARLINK-32169          
1 60589U 24150G   24362.78195681 -.00000268  00000+0  30876-5 0  9997
2 60589  53.1613 176.7938 0001401  95.7849 264.3311 15.30184744 21143
STARLINK-32169          
1 60589U 24150G   24363.76166879  .00000740  00000+0  37119-4 0  9993
2 60589  53.1602 172.2407 0001178  89.9438 270.1698 15.30199581 21297
STARLINK-32169          
1 60589U 24150G   24364.48012804 -.00002204  00000+0 -62299-4 0  9997
2 60589  53.1600 168.9019 0001165  75.8566 284.2564 15.30210541 21409
STARLINK-32169          
1 60589U 24150G   24364.87202040  .00001879  00000+0  75555-4 0  9997
2 60589  53.1604 167.0835 0001147  79.2528 280.8602 15.30193047 21467
STARLINK-32169          
1 60589U 24150G   24366.43957596  .00000644  00000+0  33864-4 0  9990
2 60589  53.1599 159.8019 0001201  82.1471 277.9666 15.30193632 21708
STARLINK-32169          
1 60589U 24150G   24366.83146295  .00000694  00000+0  35571-4 0  9992
2 60589  53.1601 157.9819 0001179  79.8093 280.3040 15.30195610 21764
STARLINK-32169          
1 60589U 24150G   25001.41929109  .00001820  00000+0  73561-4 0  9999
2 60589  53.1612 155.2528 0001278  78.9958 281.1186 15.30197331 21856
STARLINK-32169          
1 60589U 24150G   25001.68054754  .00001992  00000+0  79378-4 0  9995
2 60589  53.1611 154.0394 0001280  78.2014 281.9130 15.30199873 21896
STARLINK-32169          
1 60589U 24150G   25003.11748687  .00000778  00000+0  38412-4 0  9995
2 60589  53.1618 147.3615 0000976 129.3422 230.7665 15.30181337 22113
STARLINK-32169          
1 60589U 24150G   25003.37874469 -.00001173  00000+0 -27501-4 0  9990
2 60589  53.1599 146.1489 0000790 138.5333 221.5727 15.30188204 22155
STARLINK-32169          
1 60589U 24150G   25004.09719945 -.00003205  00000+0 -96134-4 0  9993
2 60589  53.1633 142.8156 0000390  91.0298 269.0748 15.30204668 22262
STARLINK-32169          
1 60589U 24150G   25004.35846514  .00000659  00000+0  34367-4 0  9993
2 60589  53.1565 141.6020 0000410 115.4136 244.6907 15.30187342 22308
STARLINK-32169          
1 60589U 24150G   25004.55440948  .00003010  00000+0  11377-3 0  9995
2 60589  53.1605 140.6897 0000769 109.2421 250.8663 15.30177624 22332
STARLINK-32169          
1 60589U 24150G   25004.75034635  .00002626  00000+0  10078-3 0  9998
2 60589  53.1584 139.7777 0001237 112.0573 248.0559 15.30191084 22367
STARLINK-32169          
1 60589U 24150G   25005.33817135 -.00001309  00000+0 -32067-4 0  9999
2 60589  53.1589 137.0471 0000956 103.1948 256.9159 15.30214524 22457
STARLINK-32169          
1 60589U 24150G   25005.73007706 -.00001163  00000+0 -27178-4 0  9993
2 60589  53.1582 135.2267 0000485 149.6840 210.4189 15.30185936 22515
STARLINK-32169          
1 60589U 24150G   25006.57916377 -.00000434  00000+0 -25428-5 0  9996
2 60589  53.1590 131.2836 0000955  89.0675 271.0436 15.30198352 22645
STARLINK-32169          
1 60589U 24150G   25006.77510712 -.00000233  00000+0  42408-5 0  9994
2 60589  53.1593 130.3741 0001004  94.9737 265.1378 15.30198437 22679
STARLINK-32169          
1 60589U 24150G   25007.49357954  .00000704  00000+0  35881-4 0  9999
2 60589  53.1591 127.0400 0000557 112.8258 247.2801 15.30180346 22786
STARLINK-32169          
1 60589U 24150G   25007.62419773  .00002203  00000+0  86466-4 0  9993
2 60589  53.1599 126.4302 0000648  61.4123 298.6943 15.30197112 22808
STARLINK-32169          
1 60589U 24150G   25008.60393448 -.00000463  00000+0 -35189-5 0  9997
2 60589  53.1609 121.8849 0001424 105.5233 254.5925 15.30182194 22951
STARLINK-32169          
1 60589U 24150G   25009.32238849 -.00000362  00000+0 -86679-7 0  9990
2 60589  53.1591 118.5427 0001039  72.8866 287.2249 15.30200516 23060
STARLINK-32169          
1 60589U 24150G   25010.49806201 -.00002071  00000+0 -57812-4 0  9996
2 60589  53.1601 113.0824 0001641  86.0937 274.0251 15.30188579 23249
STARLINK-32169          
1 60589U 24150G   25011.54309707 -.00001170  00000+0 -27388-4 0  9996
2 60589  53.1584 108.2294 0000974  77.8472 282.2637 15.30185375 23404
STARLINK-32169          
1 60589U 24150G   25012.45749978  .00001715  00000+0  70057-4 0  9999
2 60589  53.1584 103.9819 0001090  79.8242 280.2882 15.30186463 23540
STARLINK-32169          
1 60589U 24150G   25012.52281325  .00001795  00000+0  72748-4 0  9991
2 60589  53.1586 103.6779 0001176  94.2417 265.8718 15.30187742 23553
STARLINK-32169          
1 60589U 24150G   25013.37189986  .00000898  00000+0  42438-4 0  9991
2 60589  53.1594  99.7277 0000969  97.9015 262.2096 15.30196891 23682
STARLINK-32169          
1 60589U 24150G   25013.50253990  .00000274  00000+0  21380-4 0  9994
2 60589  53.1605  99.1276 0001056  98.5541 261.5579 15.30181251 23702
STARLINK-32169          
1 60589U 24150G   25014.48225065 -.00008398  00000+0 -27148-3 0  9998
2 60589  53.1603  94.5774 0001386 107.1522 252.9630 15.30227567 23853
STARLINK-32169          
1 60589U 24150G   25015.39666232  .00001300  00000+0  56043-4 0  9995
2 60589  53.1611  90.3283 0001322 102.8098 257.3050 15.30188958 23991
STARLINK-32169          
1 60589U 24150G   25016.44170837 -.00000933  00000+0 -19397-4 0  9997
2 60589  53.1589  85.4711 0001109 118.2493 241.8620 15.30178907 24152
STARLINK-32169          
1 60589U 24150G   25017.48673558  .00000065  00000+0  14332-4 0  9998
2 60589  53.1596  80.6190 0001427  95.7352 264.3812 15.30192995 24318
STARLINK-32169          
1 60589U 24150G   25017.55204956  .00000083  00000+0  14943-4 0  9996
2 60589  53.1596  80.3158 0001393  95.3683 264.7476 15.30193704 24324
STARLINK-32169          
1 60589U 24150G   25018.46646019  .00002252  00000+0  88206-4 0  9990
2 60589  53.1599  76.0686 0001387 101.7233 258.3924 15.30180368 24465
STARLINK-32169          
1 60589U 24150G   25018.85835280  .00001401  00000+0  59437-4 0  9992
2 60589  53.1602  74.2482 0001312  95.4002 264.7149 15.30180720 24524
STARLINK-32169          
1 60589U 24150G   25019.51149915 -.00000461  00000+0 -34551-5 0  9997
2 60589  53.1602  71.2146 0001308  96.5403 263.5746 15.30188320 24625
STARLINK-32169          
1 60589U 24150G   25020.16463163  .00001690  00000+0  69175-4 0  9996
2 60589  53.1596  68.1816 0001181  95.8652 264.2484 15.30203607 24727
STARLINK-32169          
1 60589U 24150G   25020.49122156 -.00000710  00000+0 -11839-4 0  9994
2 60589  53.1603  66.6648 0001190  88.3673 271.7464 15.30185612 24773
STARLINK-32169          
1 60589U 24150G   25021.34030875  .00000664  00000+0  34531-4 0  9995
2 60589  53.1601  62.7188 0001085  76.4573 283.6549 15.30192154 24907
STARLINK-32169          
1 60589U 24150G   25021.40562309  .00000625  00000+0  33213-4 0  9997
2 60589  53.1600  62.4155 0001030  87.4580 272.6538 15.30192663 24919
STARLINK-32169          
1 60589U 24150G   25023.10380301  .00000760  00000+0  37784-4 0  9993
2 60589  53.1600  54.5274 0001126  73.7804 286.3320 15.30198033 25173
STARLINK-32169          
1 60589U 24150G   25024.34478599  .00000439  00000+0  26959-4 0  9992
2 60589  53.1605  48.7635 0001197  72.8828 287.2303 15.30195378 25369
STARLINK-32169          
1 60589U 24150G   25025.45513845  .00000494  00000+0  28828-4 0  9997
2 60589  53.1617  43.6031 0001541  77.5249 282.5924 15.30194829 25534
STARLINK-32169          
1 60589U 24150G   25026.30423245  .00000682  00000+0  35164-4 0  9996
2 60589  53.1610  39.6611 0001330  82.2896 277.8256 15.30189036 25666
STARLINK-32169          
1 60589U 24150G   25026.50017785  .00000562  00000+0  31109-4 0  9998
2 60589  53.1614  38.7519 0001372  83.0121 277.1036 15.30188436 25698
STARLINK-32169          
1 60589U 24150G   25027.28395270  .00000687  00000+0  35317-4 0  9995
2 60589  53.1615  35.1115 0001292  82.9548 277.1600 15.30191970 25812
STARLINK-32169          
1 60589U 24150G   25028.00239454  .00002856  00000+0  10850-3 0  9991
2 60589  53.1615  31.7755 0000967  77.0191 283.0918 15.30208163 25924
STARLINK-32169          
1 60589U 24150G   25028.26368494 -.00001822  00000+0 -49461-4 0  9991
2 60589  53.1619  30.5613 0001266  96.7378 263.3766 15.30172287 25969
STARLINK-32169          
1 60589U 24150G   25028.72089663 -.00002541  00000+0 -73754-4 0  9991
2 60589  53.1618  28.4357 0001530 107.2298 252.8870 15.30168055 26038
STARLINK-32169          
1 60589U 24150G   25029.37402682  .00000433  00000+0  26777-4 0  9992
2 60589  53.1618  25.3957 0001980 127.1250 232.9932 15.30190359 26139
STARLINK-32169          
1 60589U 24150G   25029.70059590  .00000023  00000+0  12907-4 0  9990
2 60589  53.1607  23.8839 0001300 112.3366 247.7772 15.30197905 26184
STARLINK-32169          
1 60589U 24150G   25030.35374430  .00002793  00000+0  10645-3 0  9998
2 60589  53.1612  20.8503 0001519 110.1773 249.9391 15.30184584 26286
STARLINK-32169          
1 60589U 24150G   25031.13753556  .00003772  00000+0  13955-3 0  9990
2 60589  53.1607  17.2116 0001812 103.1793 256.9410 15.30169572 26404
STARLINK-32169          
1 60589U 24150G   25031.33347064 -.00000067  00000+0  98801-5 0  9995
2 60589  53.1624  16.3016 0001600 103.7481 256.3697 15.30193376 26430
STARLINK-32169          
1 60589U 24150G   25031.66004566 -.00001308  00000+0 -32039-4 0  9998
2 60589  53.1622  14.7849 0001512 102.4869 257.6301 15.30193909 26485
STARLINK-32169          
1 60589U 24150G   25032.24787395  .00000620  00000+0  33079-4 0  9990
2 60589  53.1630  12.0517 0001589 100.6055 259.5125 15.30192805 26577
STARLINK-32169          
1 60589U 24150G   25033.16227451  .00000575  00000+0  31539-4 0  9992
2 60589  53.1623   7.8040 0001299 110.0586 250.0555 15.30197053 26713
STARLINK-32169          
1 60589U 24150G   25033.22758989 -.00001137  00000+0 -26262-4 0  9998
2 60589  53.1621   7.5023 0001462 128.0531 232.0601 15.30201185 26725
STARLINK-32169          
1 60589U 24150G   25034.14200974 -.00001164  00000+0 -27180-4 0  9996
2 60589  53.1627   3.2575 0001333 120.2925 239.8208 15.30184529 26869
STARLINK-32169          
1 60589U 24150G   25034.27263484 -.00001082  00000+0 -24430-4 0  9999
2 60589  53.1632   2.6494 0001360 106.4507 253.6643 15.30192439 26888
STARLINK-32169          
1 60589U 24150G   25035.12172065  .00000155  00000+0  17338-4 0  9995
2 60589  53.1613 358.7053 0000940  80.2926 279.8181 15.30196072 27010
STARLINK-32169          
1 60589U 24150G   25035.18703794  .00001073  00000+0  48374-4 0  9994
2 60589  53.1619 358.4049 0001208  85.0840 275.0298 15.30190084 27029
STARLINK-32169          
1 60589U 24150G   25036.16673985  .00002516  00000+0  96973-4 0  9992
2 60589  53.1625 353.8516 0001091  91.9647 268.1479 15.30218173 27175
STARLINK-32169          
1 60589U 24150G   25036.29735701  .00003933  00000+0  14472-3 0  9998
2 60589  53.1616 353.2441 0000912  83.6437 276.4667 15.30229610 27193
STARLINK-32169          
1 60589U 24150G   25036.88522675 -.00001249  00000+0 -30084-4 0  9995
2 60589  53.1627 350.5145 0000925  16.3675 343.7355 15.30184651 27284
STARLINK-32169          
1 60589U 24150G   25038.25685648 -.00005880  00000+0 -18682-3 0  9992
2 60589  53.1631 344.1464 0001367  85.0534 275.0623 15.30156801 27494
STARLINK-32169          
1 60589U 24150G   25039.10592255  .00002648  00000+0  10153-3 0  9990
2 60589  53.1633 340.1961 0001544  70.8208 289.2960 15.30194956 27620
STARLINK-32169          
1 60589U 24150G   25039.23654954  .00003433  00000+0  12801-3 0  9994
2 60589  53.1633 339.5920 0001513  83.2432 276.8741 15.30197415 27644
STARLINK-32169          
1 60589U 24150G   25040.08564691  .00007005  00000+0  24870-3 0  9995
2 60589  53.1634 335.6459 0001719  74.9716 285.1475 15.30163687 27774
STARLINK-32169          
1 60589U 24150G   25040.28157444  .00007561  00000+0  26727-3 0  9991
2 60589  53.1630 334.7410 0001996 147.8484 212.2639 15.30186722 27808
STARLINK-32169          
1 60589U 24150G   25040.54286444  .00003595  00000+0  13360-3 0  9995
2 60589  53.1627 333.5274 0001199  79.0318 281.0817 15.30160003 27846
STARLINK-32169          
1 60589U 24150G   25041.06537509 -.00001441  00000+0 -36544-4 0  9994
2 60589  53.1634 331.0971 0001052  87.6476 272.4645 15.30190608 27925
STARLINK-32169          
1 60589U 24150G   25041.52255860  .00000246  00000+0  20433-4 0  9992
2 60589  53.1622 328.9747 0001185  85.3954 274.7183 15.30210775 27998
STARLINK-32169          
1 60589U 24150G   25042.04508505 -.00001505  00000+0 -38691-4 0  9993
2 60589  53.1627 326.5480 0001489 106.3447 253.7718 15.30202711 28071
STARLINK-32169          
1 60589U 24150G   25042.50230326 -.00003540  00000+0 -10752-3 0  9995
2 60589  53.1618 324.4260 0001161 121.4590 238.6524 15.30184015 28149
STARLINK-32169          
1 60589U 24150G   25042.95949689  .00000132  00000+0  16594-4 0  9996
2 60589  53.1597 322.2987 0001441 112.0287 248.0867 15.30193164 28215
STARLINK-32169          
1 60589U 24150G   25043.15544498 -.00001480  00000+0 -37868-4 0  9994
2 60589  53.1607 321.3918 0000961  87.9954 272.1156 15.30192586 28247
STARLINK-32169          
1 60589U 24150G   25043.93922653 -.00000852  00000+0 -16650-4 0  9991
2 60589  53.1601 317.7507 0000977  91.2011 268.9102 15.30184669 28363
STARLINK-32169          
1 60589U 24150G   25044.13515534  .00003969  00000+0  14606-3 0  9998
2 60589  53.1609 316.8416 0001255  98.3852 261.7291 15.30197266 28391
STARLINK-32169          
1 60589U 24150G   25044.46172347  .00004984  00000+0  18027-3 0  9994
2 60589  53.1614 315.3258 0001366  84.9616 275.1540 15.30202943 28448
STARLINK-32169          
1 60589U 24150G   25045.11489897 -.00001957  00000+0 -54015-4 0  9995
2 60589  53.1600 312.2910 0001054 101.3343 258.7777 15.30173121 28544
STARLINK-32169          
1 60589U 24150G   25045.44146467 -.00000370  00000+0 -36313-6 0  9995
2 60589  53.1609 310.7723 0000931  93.6111 266.4997 15.30184283 28593
STARLINK-32169          
1 60589U 24150G   25045.96397536 -.00001873  00000+0 -51131-4 0  9999
2 60589  53.1602 308.3445 0000827 122.3880 237.7200 15.30204102 28677
STARLINK-32169          
1 60589U 24150G   25046.02929062 -.00002086  00000+0 -58313-4 0  9998
2 60589  53.1598 308.0403 0000790 130.2936 229.8134 15.30202134 28683
STARLINK-32169          
1 60589U 24150G   25046.42118058 -.00002294  00000+0 -65363-4 0  9991
2 60589  53.1596 306.2199 0000722 125.4858 234.6210 15.30197860 28742
STARLINK-32169          
1 60589U 24150G   25047.13964934  .00001717  00000+0  70109-4 0  9993
2 60589  53.1595 302.8825 0000800  94.0691 266.0401 15.30176835 28854
STARLINK-32169          
1 60589U 24150G   25047.40090757  .00002054  00000+0  81492-4 0  9998
2 60589  53.1605 301.6699 0000982  85.7573 274.3540 15.30182126 28899
STARLINK-32169          
1 60589U 24150G   25047.85810370  .00000521  00000+0  29694-4 0  9991
2 60589  53.1597 299.5460 0000716  78.9480 281.1601 15.30196670 28967
STARLINK-32169          
1 60589U 24150G   25047.92341880  .00000527  00000+0  29922-4 0  9994
2 60589  53.1601 299.2423 0000803  78.5811 281.5279 15.30197160 28971
STARLINK-32169          
1 60589U 24150G   25048.38061417  .00002589  00000+0  99501-4 0  9990
2 60589  53.1605 297.1195 0000956  74.3011 285.8095 15.30203605 29047
STARLINK-32169          
1 60589U 24150G   25048.96847196 -.00002300  00000+0 -65612-4 0  9999
2 60589  53.1603 294.3892 0000945  91.1458 268.9651 15.30169704 29139
STARLINK-32169          
1 60589U 24150G   25049.09910287 -.00002224  00000+0 -63042-4 0  9996
2 60589  53.1597 293.7820 0000861  85.7416 274.3683 15.30169960 29157
STARLINK-32169          
1 60589U 24150G   25049.81755395 -.00001089  00000+0 -24653-4 0  9996
2 60589  53.1605 290.4488 0001130 120.0666 240.0447 15.30190744 29265
STARLINK-32169          
1 60589U 24150G   25049.94818245  .00000246  00000+0  20424-4 0  9998
2 60589  53.1602 289.8419 0001072 108.3272 251.7846 15.30189987 29286
STARLINK-32169          
1 60589U 24150G   25050.07880566  .00000754  00000+0  37585-4 0  9999
2 60589  53.1594 289.2314 0000830  90.0489 270.0606 15.30198300 29302
STARLINK-32169          
1 60589U 24150G   25050.92790050  .00005421  00000+0  19508-3 0  9991
2 60589  53.1574 285.2886 0000767 107.5908 252.5177 15.30189634 29431
STARLINK-32169          
1 60589U 24150G   25051.90762491  .00000406  00000+0  25821-4 0  9992
2 60589  53.1579 280.7354 0000673 104.2052 255.9023 15.30191030 29582
STARLINK-32169          
1 60589U 24150G   25052.03825583  .00000020  00000+0  12794-4 0  9996
2 60589  53.1583 280.1299 0000750 110.1420 249.9661 15.30189625 29601
STARLINK-32169          
1 60589U 24150G   25052.82202217 -.00000552  00000+0 -65286-5 0  9993
2 60589  53.1578 276.4909 0000803 115.2901 244.8183 15.30207931 29727
STARLINK-32169          
1 60589U 24150G   25052.88733303 -.00001756  00000+0 -47171-4 0  9993
2 60589  53.1580 276.1871 0000934 124.0702 236.0387 15.30216227 29735
STARLINK-32169          
1 60589U 24150G   25053.34454596  .00001287  00000+0  55556-4 0  9992
2 60589  53.1586 274.0638 0000940  66.6888 293.4211 15.30195309 29800
STARLINK-32169          
1 60589U 24150G   25053.60580479  .00002724  00000+0  10410-3 0  9997
2 60589  53.1589 272.8498 0000969  80.9625 279.1485 15.30189153 29840
STARLINK-32169          
1 60589U 24150G   25053.86706919  .00001502  00000+0  62841-4 0  9993
2 60589  53.1586 271.6352 0000937  77.3398 282.7707 15.30185538 29889
STARLINK-32169          
1 60589U 24150G   25054.84678627  .00000679  00000+0  35045-4 0  9996
2 60589  53.1593 267.0814 0001179  97.3822 262.7313 15.30193392 30039
STARLINK-32169          
1 60589U 24150G   25055.30398728  .00000968  00000+0  44808-4 0  9997
2 60589  53.1601 264.9590 0001140  93.0548 267.0583 15.30195624 30107
STARLINK-32169          
1 60589U 24150G   25055.82650434  .00001154  00000+0  51074-4 0  9990
2 60589  53.1606 262.5315 0001095  94.1830 265.9296 15.30194827 30186
STARLINK-32169          
1 60589U 24150G   25055.95713628  .00000960  00000+0  44547-4 0  9990
2 60589  53.1604 261.9250 0001058  92.7030 267.4092 15.30192126 30204
STARLINK-32169          
1 60589U 24150G   25056.28370847  .00001105  00000+0  49424-4 0  9990
2 60589  53.1622 260.4085 0001140  92.9745 267.1386 15.30193368 30258
STARLINK-32169          
1 60589U 24150G   25056.87154752 -.00000284  00000+0  25304-5 0  9990
2 60589  53.1609 257.6793 0001178  93.9613 266.1522 15.30187146 30341
STARLINK-32169          
1 60589U 24150G   25057.26343591 -.00000043  00000+0  10664-4 0  9990
2 60589  53.1605 255.8560 0001141 107.7382 252.3743 15.30187076 30407
STARLINK-32169          
1 60589U 24150G   25057.91654743  .00003929  00000+0  14463-3 0  9991
2 60589  53.1615 252.8235 0000799 106.1342 253.9747 15.30219564 30501
STARLINK-32169          
1 60589U 24150G   25058.89631561 -.00001594  00000+0 -41732-4 0  9990
2 60589  53.1592 248.2717 0001735  87.2897 272.8303 15.30171706 30653
STARLINK-32169          
1 60589U 24150G   25059.15756538  .00000490  00000+0  28680-4 0  9991
2 60589  53.1593 247.0587 0001272  96.2919 263.8226 15.30186716 30692
STARLINK-32169          
1 60589U 24150G   25059.22284375  .00005471  00000+0  19656-3 0  9990
2 60589  53.1591 246.7548 0001251  86.3402 273.7742 15.30225005 30707
STARLINK-32169          
1 60589U 24150G   25059.94131641  .00004117  00000+0  15107-3 0  9999
2 60589  53.1589 243.4202 0000575 174.8337 185.2670 15.30191727 30815
STARLINK-32169          
1 60589U 24150G   25060.20261313 -.00002108  00000+0 -59186-4 0  9996
2 60589  53.1606 242.2047 0001246 214.7623 145.3297 15.30146697 30859
STARLINK-32169          
1 60589U 24150G   25060.72512717 -.00000941  00000+0 -19653-4 0  9998
2 60589  53.1599 239.7780 0001177  90.5820 269.5316 15.30177624 30931
STARLINK-32169          
1 60589U 24150G   25060.92106820 -.00000411  00000+0 -17421-5 0  9998
2 60589  53.1605 238.8681 0001125  95.9366 264.1763 15.30182071 30968
STARLINK-32169          
1 60589U 24150G   25061.50888593 -.00004050  00000+0 -12466-3 0  9992
2 60589  53.1597 236.1388 0000722  58.3107 301.7964 15.30214153 31050
STARLINK-32169          
1 60589U 24150G   25061.77015184  .00006484  00000+0  23107-3 0  9994
2 60589  53.1589 234.9230 0001692  91.4620 268.6574 15.30168961 31095
STARLINK-32169          
1 60589U 24150G   25062.48860994  .00003023  00000+0  11415-3 0  9995
2 60589  53.1598 231.5877 0001132  94.6346 265.4784 15.30194339 31203
STARLINK-32169          
1 60589U 24150G   25062.74988148 -.00000080  00000+0  94219-5 0  9992
2 60589  53.1587 230.3749 0000905  68.6133 291.4964 15.30187218 31249
STARLINK-32169          
1 60589U 24150G   25063.86022155  .00001239  00000+0  53965-4 0  9991
2 60589  53.1597 225.2167 0001092  77.9788 282.1335 15.30199849 31415
STARLINK-32169          
1 60589U 24150G   25064.57867584 -.00002261  00000+0 -64199-4 0  9992
2 60589  53.1597 221.8800 0000866  74.1927 285.9169 15.30214348 31523
STARLINK-32169          
1 60589U 24150G   25064.83994677  .00001701  00000+0  69570-4 0  9999
2 60589  53.1600 220.6684 0001065  80.0452 280.0669 15.30189112 31561
STARLINK-32169          
1 60589U 24150G   25065.42778010 -.00006447  00000+0 -20555-3 0  9999
2 60589  53.1593 217.9380 0000973  59.7945 300.3152 15.30230239 31651
STARLINK-32169          
1 60589U 24150G   25065.55840555 -.00005182  00000+0 -16281-3 0  9993
2 60589  53.1588 217.3319 0001134  54.1184 305.9922 15.30226620 31672
STARLINK-32169          
1 60589U 24150G   25065.68902932  .00001865  00000+0  75061-4 0  9999
2 60589  53.1594 216.7230 0000978  90.6527 269.4586 15.30202171 31692
STARLINK-32169          
1 60589U 24150G   25066.40750317  .00001090  00000+0  48929-4 0  9991
2 60589  53.1593 213.3873 0000939  65.3347 294.7752 15.30187294 31800
STARLINK-32169          
1 60589U 24150G   25066.66876239  .00001641  00000+0  67552-4 0  9996
2 60589  53.1599 212.1707 0001348  94.3739 265.7415 15.30186717 31848
STARLINK-32169          
1 60589U 24150G   25067.38721611  .00000749  00000+0  37400-4 0  9996
2 60589  53.1612 208.8335 0001496  87.8485 272.2687 15.30205434 31956
STARLINK-32169          
1 60589U 24150G   25067.77910921 -.00000458  00000+0 -33408-5 0  9997
2 60589  53.1616 207.0140 0001430  84.5873 275.5291 15.30196836 32018
STARLINK-32169          
1 60589U 24150G   25068.56288388  .00001483  00000+0  62179-4 0  9993
2 60589  53.1622 203.3711 0001141  87.3603 272.7528 15.30195303 32132
STARLINK-32169          
1 60589U 24150G   25068.62819676  .00001765  00000+0  71723-4 0  9998
2 60589  53.1617 203.0674 0001487  91.0625 269.0547 15.30197844 32143
STARLINK-32169          
1 60589U 24150G   25069.54262078 -.00001281  00000+0 -31164-4 0  9998
2 60589  53.1613 198.8233 0001254  96.2809 263.8334 15.30177133 32284
STARLINK-32169          
1 60589U 24150G   25069.73856483 -.00001239  00000+0 -29727-4 0  9993
2 60589  53.1607 197.9103 0001552 112.3952 247.7213 15.30177791 32314
STARLINK-32169          
1 60589U 24150G   25070.52232700  .00001839  00000+0  74225-4 0  9999
2 60589  53.1608 194.2715 0001129 115.5692 244.5425 15.30190069 32436
STARLINK-32169          
1 60589U 24150G   25070.71826700  .00002354  00000+0  91582-4 0  9997
2 60589  53.1590 193.3602 0001131 114.7157 245.3961 15.30195934 32464
STARLINK-32169          
1 60589U 24150G   25071.30610469  .00002987  00000+0  11297-3 0  9992
2 60589  53.1584 190.6325 0001012 115.5962 244.5143 15.30188826 32555
STARLINK-32169          
1 60589U 24150G   25071.56736864  .00002104  00000+0  83181-4 0  9991
2 60589  53.1595 189.4173 0001116 123.3614 236.7494 15.30185257 32591
STARLINK-32169          
1 60589U 24150G   25071.63268553  .00001133  00000+0  50401-4 0  9994
2 60589  53.1596 189.1130 0001125 104.6326 255.4800 15.30185330 32607
STARLINK-32169          
1 60589U 24150G   25072.02456810  .00001663  00000+0  68270-4 0  9994
2 60589  53.1597 187.2930 0001166 108.0597 252.0531 15.30194555 32667
STARLINK-32169          
1 60589U 24150G   25072.74304120 -.00002032  00000+0 -56517-4 0  9993
2 60589  53.1600 183.9558 0001171 100.0587 260.0546 15.30184825 32774
STARLINK-32169          
1 60589U 24150G   25073.59212266  .00001148  00000+0  50882-4 0  9990
2 60589  53.1590 180.0138 0001048 109.9037 250.2077 15.30192413 32902
STARLINK-32169          
1 60589U 24150G   25074.24527422  .00000686  00000+0  35298-4 0  9996
2 60589  53.1597 176.9818 0001103  97.8673 262.2453 15.30189893 33002
STARLINK-32169          
1 60589U 24150G   25074.57185393  .00001261  00000+0  54717-4 0  9996
2 60589  53.1589 175.4640 0001158  87.6830 272.4303 15.30181055 33056
STARLINK-32169          
1 60589U 24150G   25074.70247084  .00002835  00000+0  10781-3 0  9997
2 60589  53.1601 174.8560 0001144  88.5536 271.5596 15.30197873 33074
STARLINK-32169          
1 60589U 24150G   25075.55159196 -.00003125  00000+0 -93521-4 0  9996
2 60589  53.1589 170.9132 0001131  79.9170 280.1958 15.30170660 33203
STARLINK-32169          
1 60589U 24150G   25075.68221767 -.00002482  00000+0 -71758-4 0  9997
2 60589  53.1589 170.3054 0001115  76.9694 283.1431 15.30177181 33226
STARLINK-32169          
1 60589U 24150G   25076.46599596 -.00001814  00000+0 -49183-4 0  9997
2 60589  53.1587 166.6652 0001658  66.7289 293.3887 15.30171143 33348
STARLINK-32169          
1 60589U 24150G   25076.66192169  .00000765  00000+0  37973-4 0  9990
2 60589  53.1600 165.7544 0001505  92.4804 267.6369 15.30193863 33379
STARLINK-32169          
1 60589U 24150G   25077.51103467  .00001607  00000+0  66486-4 0  9995
2 60589  53.1606 161.8108 0001723  93.3587 266.7611 15.30151862 33506
STARLINK-32169          
1 60589U 24150G   25078.22947547  .00003220  00000+0  12087-3 0  9999
2 60589  53.1598 158.4721 0001826  83.8089 276.3119 15.30183159 33610
STARLINK-32169          
1 60589U 24150G   25078.49074377  .00002252  00000+0  88207-4 0  9992
2 60589  53.1598 157.2645 0001541  83.1238 276.9938 15.30173174 33650
STARLINK-32169          
1 60589U 24150G   25079.20919033  .00004511  00000+0  16439-3 0  9996
2 60589  53.1603 153.9195 0001620  91.6101 268.5086 15.30187619 33763
STARLINK-32169          
1 60589U 24150G   25079.47046798  .00001699  00000+0  69561-4 0  9993
2 60589  53.1606 152.7070 0001478  81.7785 278.3384 15.30168542 33803
STARLINK-32169          
1 60589U 24150G   25080.18892988 -.00000741  00000+0 -12888-4 0  9992
2 60589  53.1599 149.3711 0001186  74.7434 285.3698 15.30183281 33912
STARLINK-32169          
1 60589U 24150G   25080.45018453  .00000213  00000+0  19318-4 0  9996
2 60589  53.1601 148.1586 0001295  81.1589 278.9558 15.30188462 33950
STARLINK-32169          
1 60589U 24150G   25080.90738103  .00003272  00000+0  12259-3 0  9991
2 60589  53.1609 146.0326 0001490 101.0809 259.0359 15.30190877 34022
STARLINK-32169          
1 60589U 24150G   25081.56051643  .00004690  00000+0  17037-3 0  9995
2 60589  53.1602 142.9996 0001120 100.1961 259.9166 15.30202056 34121
STARLINK-32169          
1 60589U 24150G   25081.88711023 -.00000400  00000+0 -13662-5 0  9994
2 60589  53.1599 141.4828 0001863  84.3366 275.7847 15.30182727 34179
STARLINK-32169          
1 60589U 24150G   25082.47494102 -.00001604  00000+0 -42054-4 0  9999
2 60589  53.1597 138.7499 0001412  99.9578 260.1582 15.30187713 34261
STARLINK-32169          
1 60589U 24150G   25082.86682686 -.00001099  00000+0 -24979-4 0  9992
2 60589  53.1601 136.9298 0001515  91.4736 268.6438 15.30191188 34322
STARLINK-32169          
1 60589U 24150G   25083.51997566  .00003524  00000+0  13108-3 0  9995
2 60589  53.1600 133.8979 0001570  92.2414 267.8767 15.30196095 34425
STARLINK-32169          
1 60589U 24150G   25084.82627179  .00000050  00000+0  13840-4 0  9995
2 60589  53.1599 127.8300 0001565  90.6041 269.5139 15.30192316 34621
STARLINK-32169          
1 60589U 24150G   25085.47941781  .00000424  00000+0  26440-4 0  9990
2 60589  53.1593 124.7962 0001413  91.8523 268.2640 15.30196385 34729
STARLINK-32169          
1 60589U 24150G   25085.80598816  .00001572  00000+0  65174-4 0  9996
2 60589  53.1591 123.2801 0001387  93.7681 266.3478 15.30201529 34779
STARLINK-32169          
1 60589U 24150G   25086.06724540  .00004324  00000+0  15802-3 0  9990
2 60589  53.1598 122.0636 0001482  89.5001 270.6169 15.30203158 34814
STARLINK-32169          
1 60589U 24150G   25086.39381916  .00005078  00000+0  18344-3 0  9993
2 60589  53.1597 120.5463 0001576  87.3854 272.7327 15.30204432 34860
STARLINK-32169          
1 60589U 24150G   25086.78571172 -.00001334  00000+0 -32930-4 0  9992
2 60589  53.1579 118.7277 0001256  89.8409 270.2735 15.30189464 34920
STARLINK-32169          
1 60589U 24150G   25087.50417615 -.00000058  00000+0  10184-4 0  9992
2 60589  53.1593 115.3916 0001400  81.1124 279.0035 15.30192699 35036
STARLINK-32169          
1 60589U 24150G   25087.76543397  .00000450  00000+0  27312-4 0  9993
2 60589  53.1584 114.1790 0001445  88.9454 271.1713 15.30195024 35078
STARLINK-32169          
1 60589U 24150G   25088.22263209  .00001049  00000+0  47537-4 0  9992
2 60589  53.1595 112.0543 0001346  84.3859 275.7295 15.30202928 35147
STARLINK-32169          
1 60589U 24150G   25088.35326356  .00001999  00000+0  79591-4 0  9998
2 60589  53.1594 111.4474 0001336  79.9266 280.1886 15.30199398 35167
STARLINK-32169          
1 60589U 24150G   25088.74515311  .00001218  00000+0  53235-4 0  9993
2 60589  53.1587 109.6268 0001297  76.2742 283.8403 15.30196927 35221
STARLINK-32169          
1 60589U 24150G   25089.33298996 -.00000485  00000+0 -42438-5 0  9997
2 60589  53.1582 106.8958 0001143  76.0689 284.0439 15.30190341 35315
STARLINK-32169          
1 60589U 24150G   25090.44333744  .00000760  00000+0  37769-4 0  9996
2 60589  53.1603 101.7381 0001193  73.0599 287.0533 15.30198089 35488
STARLINK-32169          
1 60589U 24150G   25091.29242732  .00002395  00000+0  92955-4 0  9990
2 60589  53.1608  97.7934 0001232  82.5298 277.5843 15.30196521 35618
STARLINK-32169          
1 60589U 24150G   25092.20684262  .00000452  00000+0  27405-4 0  9990
2 60589  53.1613  93.5475 0001410  88.0844 272.0318 15.30189336 35752
STARLINK-32169          
1 60589U 24150G   25092.27215172 -.00001305  00000+0 -31920-4 0  9994
2 60589  53.1614  93.2455 0001388  89.8187 270.2972 15.30201973 35760
STARLINK-32169          
1 60589U 24150G   25092.72935230  .00000953  00000+0  44293-4 0  9991
2 60589  53.1618  91.1218 0001490  93.3414 266.7758 15.30199666 35830
STARLINK-32169          
1 60589U 24150G   25093.18654852  .00002266  00000+0  88612-4 0  9992
2 60589  53.1607  88.9964 0001309  89.7041 270.4110 15.30205789 35900
STARLINK-32169          
1 60589U 24150G   25093.70904884  .00003295  00000+0  12323-3 0  9991
2 60589  53.1617  86.5684 0001469  96.0827 264.0341 15.30222465 35987
STARLINK-32169          
1 60589U 24150G   25094.23159554 -.00004243  00000+0 -13127-3 0  9995
2 60589  53.1601  84.1421 0001548 100.1169 260.0006 15.30179616 36060
STARLINK-32169          
1 60589U 24150G   25094.68879974 -.00003023  00000+0 -90024-4 0  9996
2 60589  53.1614  82.0182 0001742 101.5359 258.5837 15.30182848 36130
STARLINK-32169          
1 60589U 24150G   25095.21130898  .00000502  00000+0  29087-4 0  9999
2 60589  53.1610  79.5886 0002043 107.9691 252.1532 15.30201498 36216
STARLINK-32169          
1 60589U 24150G   25095.66851756 -.00001678  00000+0 -44562-4 0  9993
2 60589  53.1597  77.4690 0001376  87.6353 272.4805 15.30191511 36286
STARLINK-32169          
1 60589U 24150G   25096.19104670  .00002497  00000+0  96442-4 0  9990
2 60589  53.1602  75.0420 0001587  92.0783 268.0400 15.30182808 36369
STARLINK-32169          
1 60589U 24150G   25096.64824828  .00003907  00000+0  14401-3 0  9995
2 60589  53.1601  72.9190 0001602  90.8677 269.2507 15.30189689 36437
STARLINK-32169          
1 60589U 24150G   25097.17076330  .00001464  00000+0  61565-4 0  9991
2 60589  53.1618  70.4921 0001730  89.7012 270.4187 15.30196380 36515
STARLINK-32169          
1 60589U 24150G   25097.23607897  .00001318  00000+0  56619-4 0  9998
2 60589  53.1606  70.1881 0001581  89.8400 270.2782 15.30193816 36521
STARLINK-32169          
1 60589U 24150G   25097.62796734  .00000621  00000+0  33100-4 0  9996
2 60589  53.1607  68.3683 0001588  88.4953 271.6230 15.30194179 36588
STARLINK-32169          
1 60589U 24150G   25098.28111333  .00000520  00000+0  29693-4 0  9995
2 60589  53.1612  65.3322 0001437  91.3588 268.7578 15.30196475 36685
STARLINK-32169          
1 60589U 24150G   25099.13019991  .00001918  00000+0  76872-4 0  9990
2 60589  53.1610  61.3892 0001385  91.7355 268.3804 15.30202287 36811
STARLINK-32169          
1 60589U 24150G   25100.17524208 -.00000789  00000+0 -14524-4 0  9992
2 60589  53.1608  56.5376 0001256  94.1145 265.9999 15.30189733 36977
STARLINK-32169          
1 60589U 24150G   25100.30586972  .00000208  00000+0  19161-4 0  9999
2 60589  53.1611  55.9297 0001296  94.7017 265.4132 15.30193731 36993
STARLINK-32169          
1 60589U 24150G   25101.15495965 -.00003848  00000+0 -11787-3 0  9994
2 60589  53.1615  51.9855 0001235  91.7678 268.3464 15.30200600 37126
STARLINK-32169          
1 60589U 24150G   25102.26531237  .00001732  00000+0  70609-4 0  9997
2 60589  53.1610  46.8268 0001094  74.2492 285.8630 15.30197105 37297
STARLINK-32169          
1 60589U 24150G   25103.83286628  .00000706  00000+0  35976-4 0  9990
2 60589  53.1611  39.5461 0001126  72.5893 287.5231 15.30193604 37537
STARLINK-32169          
1 60589U 24150G   25104.22476971 -.00001239  00000+0 -29725-4 0  9995
2 60589  53.1628  37.7270 0001124  74.7868 285.3257 15.30180103 37597
STARLINK-32169          
1 60589U 24150G   25104.81258295  .00002287  00000+0  89299-4 0  9991
2 60589  53.1618  35.0027 0001375  48.3159 311.7959 15.30201864 37686
STARLINK-32169          
1 60589U 24150G   25104.94321246  .00002204  00000+0  86503-4 0  9996
2 60589  53.1624  34.3936 0001138  63.1054 297.0063 15.30200705 37708
STARLINK-32169          
1 60589U 24150G   25105.07385370 -.00000338  00000+0  71195-6 0  9999
2 60589  53.1620  33.7833 0001203  64.9028 295.2098 15.30185169 37722
STARLINK-32169          
1 60589U 24150G   25105.79231463  .00002948  00000+0  11169-3 0  9991
2 60589  53.1625  30.4519 0001402  39.4529 320.6574 15.30176553 37837
STARLINK-32169          
1 60589U 24150G   25106.51077710  .00001365  00000+0  58231-4 0  9999
2 60589  53.1621  27.1088 0001049  72.8369 287.2747 15.30186963 37945
STARLINK-32169          
1 60589U 24150G   25106.77201153  .00001653  00000+0  67893-4 0  9991
2 60589  53.1624  25.8962 0000975  68.9808 291.1297 15.30213056 37987
STARLINK-32169          
1 60589U 24150G   25107.03330758 -.00004430  00000+0 -13766-3 0  9992
2 60589  53.1620  24.6799 0000951  72.1771 287.9334 15.30169892 38027
STARLINK-32169          
1 60589U 24150G   25107.75176906 -.00001137  00000+0 -26303-4 0  9997
2 60589  53.1621  21.3456 0001076  90.2994 269.8130 15.30174327 38133
STARLINK-32169          
1 60589U 24150G   25107.94773175 -.00003724  00000+0 -11382-3 0  9993
2 60589  53.1622  20.4350 0000998  88.3598 271.7517 15.30155814 38161
STARLINK-32169          
1 60589U 24150G   25108.07836497 -.00003602  00000+0 -10972-3 0  9994
2 60589  53.1622  19.8293 0001089  75.5958 284.5163 15.30154586 38185
STARLINK-32169          
1 60589U 24150G   25108.73148762  .00004011  00000+0  14762-3 0  9992
2 60589  53.1622  16.7935 0000865  82.7187 277.3912 15.30167306 38286
STARLINK-32169          
1 60589U 24150G   25109.12334637  .00008024  00000+0  28269-3 0  9999
2 60589  53.1620  14.9722 0001096  91.0715 269.0411 15.30205665 38345
STARLINK-32169          
1 60589U 24150G   25109.71120423  .00004379  00000+0  16002-3 0  9991
2 60589  53.1617  12.2454 0001362  77.6357 282.4796 15.30175480 38438
STARLINK-32169          
1 60589U 24150G   25110.03778310  .00003388  00000+0  12655-3 0  9991
2 60589  53.1615  10.7277 0001053  76.2451 283.8667 15.30174403 38480
STARLINK-32169          
1 60589U 24150G   25111.67064812 -.00000324  00000+0  11917-5 0  9997
2 60589  53.1620   3.1431 0001064  77.7865 282.3255 15.30189896 38738
STARLINK-32169          
1 60589U 24150G   25111.99722081 -.00000101  00000+0  87056-5 0  9991
2 60589  53.1606   1.6261 0001359  64.3447 295.7694 15.30189548 38785
STARLINK-32169          
1 60589U 24150G   25112.71566648 -.00001147  00000+0 -26588-4 0  9991
2 60589  53.1636 358.2947 0001240  96.9306 263.1836 15.30231172 38894
STARLINK-32169          
1 60589U 24150G   25113.69540519 -.00001799  00000+0 -48668-4 0  9994
2 60589  53.1608 353.7362 0000780 130.1239 229.9830 15.30190310 39048
STARLINK-32169          
1 60589U 24150G   25114.93641636 -.00009738  00000+0 -31740-3 0  9997
2 60589  53.1610 347.9747 0000418  29.7559 330.3465 15.30170035 39233
STARLINK-32169          
1 60589U 24150G   25115.65490417 -.00004720  00000+0 -14756-3 0  9990
2 60589  53.1603 344.6367 0001885   0.3554 359.7447 15.30147593 39346
STARLINK-32169          
1 60589U 24150G   25116.04673164  .00004597  00000+0  16716-3 0  9994
2 60589  53.1586 342.8145 0002646  97.7653 262.3648 15.30221409 39404
STARLINK-32169          
1 60589U 24150G   25116.89582540  .00004774  00000+0  17333-3 0  9997
2 60589  53.1602 338.8680 0000672 357.2766   2.8231 15.30173806 39534
STARLINK-32169          
1 60589U 24150G   25117.87555627 -.00006144  00000+0 -19541-3 0  9990
2 60589  53.1600 334.3214 0001051  59.9853 300.1252 15.30212269 39681
STARLINK-32169          
1 60589U 24150G   25118.00618633 -.00006120  00000+0 -19463-3 0  9990
2 60589  53.1607 333.7129 0001014  65.9534 294.1573 15.30208397 39706
STARLINK-32169          
1 60589U 24150G   25118.85526246  .00001296  00000+0  55885-4 0  9997
2 60589  53.1607 329.7687 0000906  92.2480 267.8625 15.30186740 39838
STARLINK-32169          
1 60589U 24150G   25121.85974432  .00000427  00000+0  26551-4 0  9998
2 60589  53.1609 315.8155 0000682  88.7053 271.4026 15.30190381 40297
STARLINK-32169          
1 60589U 24150G   25122.25163287  .00000220  00000+0  19545-4 0  9997
2 60589  53.1607 313.9938 0000613 105.6299 254.4770 15.30190243 40359
STARLINK-32169          
1 60589U 24150G   25122.83946882  .00000015  00000+0  12610-4 0  9999
2 60589  53.1607 311.2636 0000779  98.8436 261.2652 15.30187698 40449
STARLINK-32169          
1 60589U 24150G   25123.49261991 -.00000455  00000+0 -32379-5 0  9998
2 60589  53.1606 308.2311 0000888  80.6537 279.4565 15.30186967 40549
STARLINK-32169          
1 60589U 24150G   25123.81919455 -.00001173  00000+0 -27505-4 0  9991
2 60589  53.1606 306.7141 0000790  98.3211 261.7879 15.30188559 40596
STARLINK-32169          
1 60589U 24150G   25124.21107961 -.00000491  00000+0 -44659-5 0  9999
2 60589  53.1608 304.8937 0000830  96.7095 263.4000 15.30192569 40655
STARLINK-32169          
1 60589U 24150G   25124.86422369  .00000679  00000+0  35053-4 0  9995
2 60589  53.1609 301.8587 0000958  80.8119 279.2990 15.30195132 40759
STARLINK-32169          
1 60589U 24150G   25125.84394655  .00000574  00000+0  31498-4 0  9993
2 60589  53.1611 297.3082 0000978  89.3659 270.7454 15.30195036 40907
STARLINK-32169          
1 60589U 24150G   25126.62772860 -.00001048  00000+0 -23267-4 0  9992
2 60589  53.1619 293.6662 0000746  33.0456 327.0592 15.30191191 41023
STARLINK-32169          
1 60589U 24150G   25127.47681442  .00000342  00000+0  23684-4 0  9998
2 60589  53.1602 289.7258 0001181 102.5877 257.5256 15.30196285 41152
STARLINK-32169          
1 60589U 24150G   25127.73807919 -.00000909  00000+0 -18571-4 0  9996
2 60589  53.1601 288.5112 0001047  81.8596 278.2523 15.30192079 41193
STARLINK-32169          
1 60589U 24150G   25128.65248262  .00002275  00000+0  88931-4 0  9991
2 60589  53.1607 284.2637 0001065  72.7529 287.3588 15.30186658 41333
STARLINK-32169          
1 60589U 24150G   25129.69752053  .00000340  00000+0  23609-4 0  9996
2 60589  53.1610 279.4103 0001086  67.7181 292.3935 15.30188211 41498
STARLINK-32169          
1 60589U 24150G   25130.67724015 -.00000120  00000+0  80581-5 0  9993
2 60589  53.1607 274.8580 0001050  95.4119 264.7001 15.30193686 41648
STARLINK-32169          
1 60589U 24150G   25131.65696498  .00001330  00000+0  57049-4 0  9990
2 60589  53.1608 270.3090 0001106  86.8661 273.2466 15.30184093 41792
STARLINK-32169          
1 60589U 24150G   25132.11415832  .00001379  00000+0  58670-4 0  9997
2 60589  53.1616 268.1863 0001241  87.5497 272.5646 15.30200307 41866
STARLINK-32169          
1 60589U 24150G   25132.63668182  .00001107  00000+0  49502-4 0  9995
2 60589  53.1621 265.7573 0001376  84.9781 275.1377 15.30190412 41943
STARLINK-32169          
1 60589U 24150G   25133.09389272  .00000541  00000+0  30394-4 0  9996
2 60589  53.1614 263.6336 0001332  87.3719 272.7434 15.30181342 42017
STARLINK-32169          
1 60589U 24150G   25133.55109703 -.00001355  00000+0 -33626-4 0  9993
2 60589  53.1612 261.5109 0001327  80.0582 280.0568 15.30188654 42082
STARLINK-32169          
1 60589U 24150G   25134.07360757 -.00000419  00000+0 -20091-5 0  9992
2 60589  53.1617 259.0831 0001399  87.1496 272.9665 15.30196079 42169
STARLINK-32169          
1 60589U 24150G   25134.59613183  .00004720  00000+0  17154-3 0  9994
2 60589  53.1611 256.6568 0001048  95.5294 264.5827 15.30169285 42248
STARLINK-32169          
1 60589U 24150G   25134.72675821  .00000203  00000+0  18983-4 0  9990
2 60589  53.1617 256.0509 0001359  85.9237 274.1919 15.30187122 42269
STARLINK-32169          
1 60589U 24150G   25135.31458867  .00000723  00000+0  36546-4 0  9997
2 60589  53.1619 253.3195 0001298  89.9103 270.2046 15.30189380 42356
STARLINK-32169          
1 60589U 24150G   25136.49025867 -.00000612  00000+0 -85556-5 0  9992
2 60589  53.1619 247.8586 0001243  87.5173 272.5970 15.30187939 42538
STARLINK-32169          
1 60589U 24150G   25136.68620265 -.00000563  00000+0 -68808-5 0  9992
2 60589  53.1614 246.9469 0001182  89.0496 271.0640 15.30188238 42564
STARLINK-32169          
1 60589U 24150G   25137.46997386  .00000318  00000+0  22870-4 0  9994
2 60589  53.1606 243.3057 0001006 106.3114 253.7998 15.30193561 42685
STARLINK-32169          
1 60589U 24150G   25137.66591510  .00000700  00000+0  35774-4 0  9997
2 60589  53.1610 242.3961 0001113 102.4517 257.6608 15.30197077 42717
STARLINK-32169          
1 60589U 24150G   25138.51502118 -.00001000  00000+0 -21657-4 0  9999
2 60589  53.1611 238.4515 0000893 101.6315 258.4786 15.30183255 42843
STARLINK-32169          
1 60589U 24150G   25138.64565930 -.00001982  00000+0 -54870-4 0  9996
2 60589  53.1616 237.8449 0001163 101.6890 258.4241 15.30174674 42869
STARLINK-32169          
1 60589U 24150G   25139.56005390 -.00000310  00000+0  16668-5 0  9994
2 60589  53.1596 233.5990 0001292  91.3616 268.7533 15.30192564 43007
STARLINK-32169          
1 60589U 24150G   25139.95194814 -.00001295  00000+0 -31606-4 0  9999
2 60589  53.1592 231.7796 0001182  99.4336 260.6798 15.30187520 43069
STARLINK-32169          
1 60589U 24150G   25140.53979268  .00000600  00000+0  32398-4 0  9995
2 60589  53.1603 229.0511 0001220 115.9339 244.1787 15.30176046 43153
STARLINK-32169          
1 60589U 24150G   25140.60510565  .00000883  00000+0  41951-4 0  9992
2 60589  53.1599 228.7444 0001057 109.2320 250.8795 15.30178299 43168
STARLINK-32169          
1 60589U 24150G   25140.93167136  .00002387  00000+0  92721-4 0  9992
2 60589  53.1608 227.2290 0001252 114.7806 245.3325 15.30190066 43219
STARLINK-32169          
1 60589U 24150G   25141.51948978  .00002049  00000+0  81265-4 0  9994
2 60589  53.1590 224.4965 0000961  98.6788 261.4321 15.30208578 43305
STARLINK-32169          
1 60589U 24150G   25142.23796445  .00008117  00000+0  28616-3 0  9996
2 60589  53.1597 221.1591 0001156  92.1004 268.0129 15.30165861 43416
STARLINK-32169          
1 60589U 24150G   25142.49922969 -.00000305  00000+0  18418-5 0  9999
2 60589  53.1603 219.9464 0001180  81.6024 278.5110 15.30186993 43459
STARLINK-32169          
1 60589U 24150G   25143.21767723 -.00000814  00000+0 -15352-4 0  9994
2 60589  53.1607 216.6079 0001180  69.1044 291.0083 15.30208324 43566
STARLINK-32169          
1 60589U 24150G   25143.47893534 -.00001169  00000+0 -27355-4 0  9992
2 60589  53.1600 215.3921 0001163  59.3169 300.7946 15.30207836 43609
STARLINK-32169          
1 60589U 24150G   25144.39334338  .00001021  00000+0  46588-4 0  9990
2 60589  53.1597 211.1443 0001245  56.0005 304.1113 15.30191427 43748
STARLINK-32169          
1 60589U 24150G   25144.58929014  .00000704  00000+0  35888-4 0  9990
2 60589  53.1601 210.2358 0001239  59.9727 300.1396 15.30189012 43774
STARLINK-32169          
1 60589U 24150G   25145.43838026 -.00000109  00000+0  84426-5 0  9990
2 60589  53.1604 206.2954 0001176  78.5482 281.5650 15.30192618 43905
STARLINK-32169          
1 60589U 24150G   25145.89558120  .00000078  00000+0  14759-4 0  9999
2 60589  53.1601 204.1717 0001154  84.0129 276.1003 15.30194551 43979
STARLINK-32169          
1 60589U 24150G   25147.85504826 -.00001055  00000+0 -23507-4 0  9990
2 60589  53.1610 195.0695 0001426 100.0213 260.0948 15.30178213 44278
STARLINK-32169          
1 60589U 24150G   25148.83474477  .00002481  00000+0  95837-4 0  9994
2 60589  53.1593 190.5199 0001203  86.4428 273.6710 15.30203557 44429
STARLINK-32169          
1 60589U 24150G   25150.46762045 -.00002263  00000+0 -64277-4 0  9991
2 60589  53.1601 182.9324 0001846 151.3832 208.7271 15.30202202 44672
STARLINK-32169          
1 60589U 24150G   25150.92481888 -.00004526  00000+0 -14074-3 0  9998
2 60589  53.1595 180.8112 0000929 125.1560 234.9528 15.30212964 44744
STARLINK-32169          
1 60589U 24150G   25151.44734165  .00000040  00000+0  13476-4 0  9996
2 60589  53.1595 178.3834 0001230  91.5377 268.5765 15.30188863 44820
STARLINK-32169          
1 60589U 24150G   25151.77391423  .00000342  00000+0  23671-4 0  9991
2 60589  53.1594 176.8669 0001185  92.8463 267.2673 15.30190390 44874
STARLINK-32169          
1 60589U 24150G   25152.36174647 -.00000239  00000+0  40443-5 0  9997
2 60589  53.1587 174.1358 0001146  88.9930 271.1202 15.30194189 44966
STARLINK-32169          
1 60589U 24150G   25152.75362906  .00000543  00000+0  30463-4 0  9994
2 60589  53.1594 172.3159 0001140  88.4775 271.6356 15.30200452 45023
