STARLINK-5778           
1 57149U 23090BA  25070.12771075  .00002137  00000+0  17325-3 0  9997
2 57149  43.0041  51.1206 0001075 264.6779  95.3941 15.02532742 95049
STARLINK-5778           
1 57149U 23090BA  25070.12771075  .00002137  00000+0  17325-3 0  9997
2 57149  43.0041  51.1206 0001075 264.6779  95.3941 15.02532742 96174
STARLINK-5778           
1 57149U 23090BA  25070.65952783  .00003659  00000+0  28581-3 0  9998
2 57149  43.0042  48.2310 0001021 263.9398  96.1328 15.02537265 96250
STARLINK-5778           
1 57149U 23090BA  25071.19135028  .00002167  00000+0  17539-3 0  9997
2 57149  43.0047  45.3422 0000781 266.1212  93.9541 15.02542152 95206
STARLINK-5778           
1 57149U 23090BA  25072.18851750 -.00001144  00000+0 -69624-4 0  9993
2 57149  43.0066  39.9229 0001094 266.1889  93.8828 15.02538957 95350
STARLINK-5778           
1 57149U 23090BA  25072.58737562 -.00000897  00000+0 -51308-4 0  9995
2 57149  43.0057  37.7567 0001123 271.5015  88.5699 15.02548105 95415
STARLINK-5778           
1 57149U 23090BA  25072.58737562 -.00000897  00000+0 -51308-4 0  9995
2 57149  43.0057  37.7567 0001123 271.5015  88.5699 15.02548105 96540
STARLINK-5778           
1 57149U 23090BA  25072.91976307 -.00000800  00000+0 -44146-4 0  9990
2 57149  43.0052  35.9509 0001125 270.9541  89.1173 15.02546212 96596
STARLINK-5778           
1 57149U 23090BA  25073.25216765 -.00002668  00000+0 -18250-3 0  9993
2 57149  43.0041  34.1438 0001240 283.7412  76.3292 15.02529374 96649
STARLINK-5778           
1 57149U 23090BA  25074.04989381  .00000263  00000+0  34566-4 0  9998
2 57149  43.0050  29.8082 0001227 272.6610  87.4092 15.02529697 95634
STARLINK-5778           
1 57149U 23090BA  25074.58170932  .00000755  00000+0  70917-4 0  9997
2 57149  43.0054  26.9202 0001211 270.6526  89.4178 15.02540853 96845
STARLINK-5778           
1 57149U 23090BA  25074.84762052  .00005035  00000+0  38765-3 0  9996
2 57149  43.0042  25.4754 0001683 263.3785  96.6866 15.02523494 95752
STARLINK-5778           
1 57149U 23090BA  25074.84762052  .00005035  00000+0  38765-3 0  9996
2 57149  43.0042  25.4754 0001683 263.3785  96.6866 15.02523494 96887
STARLINK-5778           
1 57149U 23090BA  25075.18001480  .00001263  00000+0  10859-3 0  9998
2 57149  43.0047  23.6640 0001962 266.0447  94.0171 15.02526365 96938
STARLINK-5778           
1 57149U 23090BA  25076.17718535  .00000477  00000+0  50404-4 0  9991
2 57149  43.0031  18.2494 0001237 273.2034  86.8667 15.02533210 95952
STARLINK-5778           
1 57149U 23090BA  25076.24366326  .00000281  00000+0  35854-4 0  9991
2 57149  43.0038  17.8892 0001277 268.5478  91.5218 15.02533984 97099
STARLINK-5778           
1 57149U 23090BA  25077.24083268  .00000090  00000+0  21761-4 0  9993
2 57149  43.0040  12.4710 0001431 268.9087  91.1592 15.02526564 96113
STARLINK-5778           
1 57149U 23090BA  25077.24083268  .00000090  00000+0  21761-4 0  9993
2 57149  43.0040  12.4710 0001431 268.9087  91.1592 15.02526564 97248
STARLINK-5778           
1 57149U 23090BA  25077.77264818  .00000400  00000+0  44668-4 0  9999
2 57149  43.0045   9.5824 0001515 276.8083  83.2587 15.02537537 96194
STARLINK-5778           
1 57149U 23090BA  25077.77264818  .00000400  00000+0  44668-4 0  9999
2 57149  43.0045   9.5824 0001515 276.8083  83.2587 15.02537537 97320
STARLINK-5778           
1 57149U 23090BA  25078.17153049  .00001806  00000+0  14885-3 0  9995
2 57149  43.0058   7.4169 0001383 295.8912  64.1787 15.02514806 96253
STARLINK-5778           
1 57149U 23090BA  25078.17153049  .00001806  00000+0  14885-3 0  9995
2 57149  43.0058   7.4169 0001383 295.8912  64.1787 15.02514806 97388
STARLINK-5778           
1 57149U 23090BA  25079.16869426 -.00003253  00000+0 -22567-3 0  9994
2 57149  43.0048   1.9987 0001532 289.0611  71.0065 15.02559355 96407
STARLINK-5778           
1 57149U 23090BA  25079.16869426 -.00003253  00000+0 -22567-3 0  9994
2 57149  43.0048   1.9987 0001532 289.0611  71.0065 15.02559355 97532
STARLINK-5778           
1 57149U 23090BA  25080.09938880 -.00000252  00000+0 -36069-5 0  9999
2 57149  43.0045 356.9382 0001330 260.6524  99.4168 15.02516589 96545
STARLINK-5778           
1 57149U 23090BA  25080.09938880 -.00000252  00000+0 -36069-5 0  9999
2 57149  43.0045 356.9382 0001330 260.6524  99.4168 15.02516589 97670
STARLINK-5778           
1 57149U 23090BA  25080.76416005  .00000053  00000+0  19007-4 0  9992
2 57149  43.0036 353.3261 0001243 271.6053  88.4647 15.02532826 96647
STARLINK-5778           
1 57149U 23090BA  25080.76416005  .00000053  00000+0  19007-4 0  9992
2 57149  43.0036 353.3261 0001243 271.6053  88.4647 15.02532826 97772
STARLINK-5778           
1 57149U 23090BA  25081.42892169  .00001867  00000+0  15322-3 0  9994
2 57149  43.0071 349.7122 0001436 263.7287  96.3392 15.02552651 96740
STARLINK-5778           
1 57149U 23090BA  25081.42892169  .00001867  00000+0  15322-3 0  9994
2 57149  43.0071 349.7122 0001436 263.7287  96.3392 15.02552651 97875
STARLINK-5778           
1 57149U 23090BA  25082.16020258  .00000171  00000+0  27764-4 0  9999
2 57149  43.0063 345.7407 0001320 272.6528  87.4163 15.02516760 96852
STARLINK-5778           
1 57149U 23090BA  25082.16020258  .00000171  00000+0  27764-4 0  9999
2 57149  43.0063 345.7407 0001320 272.6528  87.4163 15.02516760 97987
STARLINK-5778           
1 57149U 23090BA  25082.75849782  .00000037  00000+0  17850-4 0  9991
2 57149  43.0056 342.4899 0001383 272.7653  87.3031 15.02531247 96942
STARLINK-5778           
1 57149U 23090BA  25082.75849782  .00000037  00000+0  17850-4 0  9991
2 57149  43.0056 342.4899 0001383 272.7653  87.3031 15.02531247 98078
STARLINK-5778           
1 57149U 23090BA  25083.02441178 -.00000003  00000+0  14861-4 0  9992
2 57149  43.0048 341.0456 0001219 268.5326  91.5376 15.02529244 98119
STARLINK-5778           
1 57149U 23090BA  25084.08805307  .00002888  00000+0  22879-3 0  9996
2 57149  43.0053 335.2652 0001322 272.4676  87.6015 15.02528911 97143
STARLINK-5778           
1 57149U 23090BA  25084.08805307  .00002888  00000+0  22879-3 0  9996
2 57149  43.0053 335.2652 0001322 272.4676  87.6015 15.02528911 98278
STARLINK-5778           
1 57149U 23090BA  25084.68635003  .00002359  00000+0  18964-3 0  9999
2 57149  43.0047 332.0145 0001390 270.1669  89.9014 15.02537845 97230
STARLINK-5778           
1 57149U 23090BA  25084.68635003  .00002359  00000+0  18964-3 0  9999
2 57149  43.0047 332.0145 0001390 270.1669  89.9014 15.02537845 98365
STARLINK-5778           
1 57149U 23090BA  25085.94943559  .00003323  00000+0  26096-3 0  9994
2 57149  43.0048 325.1521 0001202 264.5199  95.5507 15.02530513 98550
STARLINK-5778           
1 57149U 23090BA  25086.01591067  .00000436  00000+0  47334-4 0  9997
2 57149  43.0047 324.7909 0001197 264.3360  95.7346 15.02538777 97434
STARLINK-5778           
1 57149U 23090BA  25086.34829380  .00001159  00000+0  10081-3 0  9996
2 57149  43.0045 322.9843 0001391 266.7026  93.3658 15.02544511 97488
STARLINK-5778           
1 57149U 23090BA  25086.34829380  .00001159  00000+0  10081-3 0  9996
2 57149  43.0045 322.9843 0001391 266.7026  93.3658 15.02544511 98614
STARLINK-5778           
1 57149U 23090BA  25087.01308217  .00000573  00000+0  57517-4 0  9997
2 57149  43.0046 319.3726 0001098 271.8622  88.2095 15.02531151 97587
STARLINK-5778           
1 57149U 23090BA  25087.34547073  .00000378  00000+0  43079-4 0  9999
2 57149  43.0023 317.5690 0000984 269.2360  90.8370 15.02533946 98765
STARLINK-5778           
1 57149U 23090BA  25088.01024439  .00001113  00000+0  97446-4 0  9995
2 57149  43.0043 313.9542 0001223 267.0693  93.0009 15.02536025 97736
STARLINK-5778           
1 57149U 23090BA  25088.01024439  .00001113  00000+0  97446-4 0  9995
2 57149  43.0043 313.9542 0001223 267.0693  93.0009 15.02536025 98861
STARLINK-5778           
1 57149U 23090BA  25089.00741010  .00001085  00000+0  95398-4 0  9998
2 57149  43.0042 308.5354 0001276 267.4198  92.6498 15.02536897 99015
STARLINK-5778           
1 57149U 23090BA  25089.87160746  .00002018  00000+0  16436-3 0  9996
2 57149  43.0036 303.8396 0001369 268.2282  91.8404 15.02549799 99145
STARLINK-5778           
1 57149U 23090BA  25089.93808392  .00002030  00000+0  16524-3 0  9991
2 57149  43.0037 303.4785 0001345 268.9964  91.0725 15.02551372 98026
STARLINK-5778           
1 57149U 23090BA  25089.93808392  .00002030  00000+0  16524-3 0  9991
2 57149  43.0037 303.4785 0001345 268.9964  91.0725 15.02551372 99151
STARLINK-5778           
1 57149U 23090BA  25090.86877202  .00000503  00000+0  52251-4 0  9992
2 57149  43.0035 298.4220 0000950 268.0212  92.0521 15.02547437 98166
STARLINK-5778           
1 57149U 23090BA  25090.86877202  .00000503  00000+0  52251-4 0  9992
2 57149  43.0035 298.4220 0000950 268.0212  92.0521 15.02547437 99291
STARLINK-5778           
1 57149U 23090BA  25091.26764954 -.00001157  00000+0 -70608-4 0  9990
2 57149  42.9998 296.2519 0002064 255.4316 104.6298 15.02529400 98220
STARLINK-5778           
1 57149U 23090BA  25091.26764954 -.00001157  00000+0 -70608-4 0  9990
2 57149  42.9998 296.2519 0002064 255.4316 104.6298 15.02529400 99355
STARLINK-5778           
1 57149U 23090BA  25091.86595598 -.00003297  00000+0 -22916-3 0  9997
2 57149  42.9990 293.0002 0001553 277.2255  82.8411 15.02531085 99441
STARLINK-5778           
1 57149U 23090BA  25091.93243213 -.00003831  00000+0 -26867-3 0  9992
2 57149  43.0033 292.6408 0001491 276.8673  83.2000 15.02537075 99451
STARLINK-5778           
1 57149U 23090BA  25092.86312109  .00001522  00000+0  12774-3 0  9991
2 57149  43.0030 287.5844 0001367 281.5621  78.5068 15.02524957 98469
STARLINK-5778           
1 57149U 23090BA  25093.52789694  .00002554  00000+0  20407-3 0  9990
2 57149  43.0029 283.9720 0001360 278.3435  81.7253 15.02531927 98568
STARLINK-5778           
1 57149U 23090BA  25093.52789694  .00002554  00000+0  20407-3 0  9990
2 57149  43.0029 283.9720 0001360 278.3435  81.7253 15.02531927 99693
STARLINK-5778           
1 57149U 23090BA  25093.86029336  .00001867  00000+0  15325-3 0  9996
2 57149  43.0031 282.1647 0001308 271.8181  88.2512 15.02526443 98611
STARLINK-5778           
1 57149U 23090BA  25093.86029336  .00001867  00000+0  15325-3 0  9996
2 57149  43.0031 282.1647 0001308 271.8181  88.2512 15.02526443 99746
STARLINK-5778           
1 57149U 23090BA  25094.79098256  .00000286  00000+0  36274-4 0  9997
2 57149  43.0028 277.1072 0001387 274.3931  85.6752 15.02537057 99881
STARLINK-5778           
1 57149U 23090BA  25095.18984158  .00001385  00000+0  11756-3 0  9994
2 57149  43.0032 274.9403 0001349 273.1985  86.8703 15.02545474 98816
STARLINK-5778           
1 57149U 23090BA  25095.78815590 -.00000343  00000+0 -10330-4 0  9996
2 57149  43.0036 271.6887 0001358 273.0064  87.0622 15.02528053100032
STARLINK-5778           
1 57149U 23090BA  25095.78815590 -.00000343  00000+0 -10330-4 0  9996
2 57149  43.0036 271.6887 0001358 273.0064  87.0622 15.02528053 98904
STARLINK-5778           
1 57149U 23090BA  25095.92111600  .00003834  00000+0  29893-3 0  9992
2 57149  43.0043 270.9658 0001331 268.3752  91.6938 15.02511916 98925
STARLINK-5778           
1 57149U 23090BA  25096.51940948 -.00000468  00000+0 -19578-4 0  9995
2 57149  43.0047 267.7146 0001369 271.8762  88.1923 15.02537193100144
STARLINK-5778           
1 57149U 23090BA  25096.51940948 -.00000468  00000+0 -19578-4 0  9995
2 57149  43.0047 267.7146 0001369 271.8762  88.1923 15.02537193 99017
STARLINK-5778           
1 57149U 23090BA  25097.18417857  .00000792  00000+0  73659-4 0  9995
2 57149  43.0049 264.1022 0001412 270.8746  89.1935 15.02545561100243
STARLINK-5778           
1 57149U 23090BA  25097.18417857  .00000792  00000+0  73659-4 0  9995
2 57149  43.0049 264.1022 0001412 270.8746  89.1935 15.02545561 99116
STARLINK-5778           
1 57149U 23090BA  25097.91542744  .00003226  00000+0  25370-3 0  9991
2 57149  43.0032 260.1293 0001263 266.5660  93.5038 15.02545846100353
STARLINK-5778           
1 57149U 23090BA  25098.44724415  .00002663  00000+0  21203-3 0  9992
2 57149  43.0021 257.2401 0001217 267.4952  92.5751 15.02551792100439
STARLINK-5778           
1 57149U 23090BA  25098.44724415  .00002663  00000+0  21203-3 0  9992
2 57149  43.0021 257.2401 0001217 267.4952  92.5751 15.02551792 99302
STARLINK-5778           
1 57149U 23090BA  25099.11204719 -.00001722  00000+0 -11245-3 0  9999
2 57149  43.0031 253.6290 0001138 267.9319  92.1393 15.02526889100538
STARLINK-5778           
1 57149U 23090BA  25099.11204719 -.00001722  00000+0 -11245-3 0  9999
2 57149  43.0031 253.6290 0001138 267.9319  92.1393 15.02526889 99401
STARLINK-5778           
1 57149U 23090BA  25099.71034480 -.00001638  00000+0 -10619-3 0  9991
2 57149  43.0015 250.3762 0001119 269.3154  90.7560 15.02533243100622
STARLINK-5778           
1 57149U 23090BA  25099.71034480 -.00001638  00000+0 -10619-3 0  9991
2 57149  43.0015 250.3762 0001119 269.3154  90.7560 15.02533243 99494
STARLINK-5778           
1 57149U 23090BA  25100.37509695 -.00012030  00000+0 -87583-3 0  9993
2 57149  43.0031 246.7646 0001358 286.5865  73.4828 15.02586456100725
STARLINK-5778           
1 57149U 23090BA  25100.84046705  .00002614  00000+0  20856-3 0  9998
2 57149  43.0032 244.2364 0001006 270.1067  89.9660 15.02528422100791
STARLINK-5778           
1 57149U 23090BA  25100.84046705  .00002614  00000+0  20856-3 0  9998
2 57149  43.0032 244.2364 0001006 270.1067  89.9660 15.02528422 99664
STARLINK-5778           
1 57149U 23090BA  25101.83763445 -.00001462  00000+0 -93159-4 0  9994
2 57149  43.0027 238.8171 0001139 259.8122 100.2592 15.02544473100945
STARLINK-5778           
1 57149U 23090BA  25102.43593920  .00004953  00000+0  38161-3 0  9997
2 57149  43.0031 235.5646 0001267 255.0875 104.9827 15.02524095 99909
STARLINK-5778           
1 57149U 23090BA  25102.63537107  .00000996  00000+0  88780-4 0  9990
2 57149  43.0019 234.4819 0001094 258.5887 101.4832 15.02535550101061
STARLINK-5778           
1 57149U 23090BA  25102.83480694  .00000886  00000+0  80663-4 0  9990
2 57149  43.0017 233.3991 0000858 270.1895  89.8849 15.02533589101094
STARLINK-5778           
1 57149U 23090BA  25103.49958205  .00001105  00000+0  96844-4 0  9994
2 57149  43.0015 229.7866 0001156 267.1698  92.9012 15.02536094100068
STARLINK-5778           
1 57149U 23090BA  25103.76549956  .00000197  00000+0  29646-4 0  9999
2 57149  43.0023 228.3407 0001305 259.7113 100.3582 15.02528342100106
STARLINK-5778           
1 57149U 23090BA  25103.76549956  .00000197  00000+0  29646-4 0  9999
2 57149  43.0023 228.3407 0001305 259.7113 100.3582 15.02528342101231
STARLINK-5778           
1 57149U 23090BA  25104.43027524  .00000860  00000+0  78766-4 0  9990
2 57149  43.0032 224.7302 0001259 271.0257  89.0441 15.02534179100207
STARLINK-5778           
1 57149U 23090BA  25104.76266343  .00001340  00000+0  11422-3 0  9999
2 57149  43.0036 222.9236 0001205 263.4081  96.6624 15.02534720101387
STARLINK-5778           
1 57149U 23090BA  25105.02856549 -.00001667  00000+0 -10828-3 0  9995
2 57149  43.0039 221.4787 0001643 267.7687  92.2967 15.02554354100296
STARLINK-5778           
1 57149U 23090BA  25105.02856549 -.00001667  00000+0 -10828-3 0  9995
2 57149  43.0039 221.4787 0001643 267.7687  92.2967 15.02554354101422
STARLINK-5778           
1 57149U 23090BA  25105.75983134  .00001797  00000+0  14808-3 0  9990
2 57149  43.0032 217.5054 0001277 267.2685  92.8012 15.02534794100404
STARLINK-5778           
1 57149U 23090BA  25105.75983134  .00001797  00000+0  14808-3 0  9990
2 57149  43.0032 217.5054 0001277 267.2685  92.8012 15.02534794101539
STARLINK-5778           
1 57149U 23090BA  25106.55756282  .00001505  00000+0  12642-3 0  9992
2 57149  43.0028 213.1708 0001130 267.9265  92.1448 15.02539206101653
STARLINK-5778           
1 57149U 23090BA  25106.75701848 -.00000893  00000+0 -51064-4 0  9995
2 57149  43.0033 212.0875 0001199 269.0546  91.0159 15.02520384100554
STARLINK-5778           
1 57149U 23090BA  25106.75701848 -.00000893  00000+0 -51064-4 0  9995
2 57149  43.0033 212.0875 0001199 269.0546  91.0159 15.02520384101689
STARLINK-5778           
1 57149U 23090BA  25107.75414702  .00005191  00000+0  39896-3 0  9998
2 57149  43.0038 206.6704 0004166 247.9029 112.1371 15.02543487100704
STARLINK-5778           
1 57149U 23090BA  25107.75414702  .00005191  00000+0  39896-3 0  9998
2 57149  43.0038 206.6704 0004166 247.9029 112.1371 15.02543487101839
STARLINK-5778           
1 57149U 23090BA  25108.75134588 -.00002672  00000+0 -18282-3 0  9999
2 57149  42.9963 201.2572 0002275 245.8532 114.2073 15.02527101100851
STARLINK-5778           
1 57149U 23090BA  25109.68204988 -.00002235  00000+0 -15046-3 0  9994
2 57149  42.9930 196.2036 0000934  39.4020 320.6890 15.02529713102125
STARLINK-5778           
1 57149U 23090BA  25110.67920498  .00003898  00000+0  30351-3 0  9996
2 57149  42.9998 190.7774 0000312 266.6381  93.4426 15.02529170101149
STARLINK-5778           
1 57149U 23090BA  25110.67920498  .00003898  00000+0  30351-3 0  9996
2 57149  42.9998 190.7774 0000312 266.6381  93.4426 15.02529170102274
STARLINK-5778           
1 57149U 23090BA  25111.60988209  .00001814  00000+0  14925-3 0  9999
2 57149  42.9963 185.7228 0000170 282.8947  77.1876 15.02550243102413
STARLINK-5778           
1 57149U 23090BA  25111.67636529  .00003110  00000+0  24507-3 0  9999
2 57149  42.9992 185.3609 0000487   1.3862 358.6982 15.02550981101294
STARLINK-5778           
1 57149U 23090BA  25111.67636529  .00003110  00000+0  24507-3 0  9999
2 57149  42.9992 185.3609 0000487   1.3862 358.6982 15.02550981102420
STARLINK-5778           
1 57149U 23090BA  25112.54057097  .00001017  00000+0  90352-4 0  9999
2 57149  43.0029 180.6624 0001881 262.7891  97.2737 15.02542416101429
STARLINK-5778           
1 57149U 23090BA  25112.54057097  .00001017  00000+0  90352-4 0  9999
2 57149  43.0029 180.6624 0001881 262.7891  97.2737 15.02542416102554
STARLINK-5778           
1 57149U 23090BA  25112.67351409 -.00000727  00000+0 -38686-4 0  9998
2 57149  42.9935 179.9488 0004710 240.3205 119.7169 15.02543457101444
STARLINK-5778           
1 57149U 23090BA  25112.67351409 -.00000727  00000+0 -38686-4 0  9998
2 57149  42.9935 179.9488 0004710 240.3205 119.7169 15.02543457102579
STARLINK-5778           
1 57149U 23090BA  25114.25002315 -.00008496  00000+0 -61446-3 0  9993
2 57149  43.0021 171.3737 0001250 267.5859 349.7438 15.02544760101674
STARLINK-5778           
1 57149U 23090BA  25114.60138311  .00002143  00000+0  17363-3 0  9998
2 57149  43.0025 169.4634 0001135 281.3385  78.7329 15.02538194101731
STARLINK-5778           
1 57149U 23090BA  25114.60138311  .00002143  00000+0  17363-3 0  9998
2 57149  43.0025 169.4634 0001135 281.3385  78.7329 15.02538194102866
STARLINK-5778           
1 57149U 23090BA  25115.59855269  .00000722  00000+0  68534-4 0  9993
2 57149  43.0009 164.0461 0001052 267.8982  92.1740 15.02538513103017
STARLINK-5778           
1 57149U 23090BA  25116.19685281  .00000623  00000+0  61184-4 0  9999
2 57149  43.0024 160.7930 0001172 264.0121  96.0588 15.02536042101976
STARLINK-5778           
1 57149U 23090BA  25116.79514998  .00000928  00000+0  83736-4 0  9996
2 57149  43.0027 157.5422 0001175 268.5379  91.5329 15.02539818103199
STARLINK-5778           
1 57149U 23090BA  25117.39345263  .00000936  00000+0  84321-4 0  9990
2 57149  43.0023 154.2905 0001123 266.6427  93.4287 15.02535591102154
STARLINK-5778           
1 57149U 23090BA  25117.39345263  .00000936  00000+0  84321-4 0  9990
2 57149  43.0023 154.2905 0001123 266.6427  93.4287 15.02535591103289
STARLINK-5778           
1 57149U 23090BA  25117.79232006  .00000879  00000+0  80127-4 0  9990
2 57149  43.0026 152.1237 0001214 272.1824  87.8879 15.02535469103346
STARLINK-5778           
1 57149U 23090BA  25118.39061972  .00000376  00000+0  42911-4 0  9990
2 57149  43.0026 148.8724 0001234 273.7128  86.3574 15.02537917103431
STARLINK-5778           
1 57149U 23090BA  25121.71450943  .00000863  00000+0  78969-4 0  9993
2 57149  43.0036 130.8109 0001243 270.7391  89.3309 15.02538077103931
STARLINK-5778           
1 57149U 23090BA  25122.44576905  .00000643  00000+0  62647-4 0  9993
2 57149  43.0036 126.8381 0001223 269.1811  90.8891 15.02534021104046
STARLINK-5778           
1 57149U 23090BA  25122.71167929  .00000732  00000+0  69287-4 0  9991
2 57149  43.0036 125.3932 0001232 267.7891  92.2810 15.02535376104089
STARLINK-5778           
1 57149U 23090BA  25123.04406942  .00000322  00000+0  38930-4 0  9995
2 57149  43.0036 123.5870 0001234 267.7075  92.3626 15.02535641103008
STARLINK-5778           
1 57149U 23090BA  25123.04406942  .00000322  00000+0  38930-4 0  9995
2 57149  43.0036 123.5870 0001234 267.7075  92.3626 15.02535641104133
STARLINK-5778           
1 57149U 23090BA  25123.70884981  .00000041  00000+0  18075-4 0  9997
2 57149  43.0037 119.9747 0001241 267.7235  92.3465 15.02534160104239
STARLINK-5778           
1 57149U 23090BA  25124.24067291  .00000196  00000+0  29596-4 0  9995
2 57149  43.0035 117.0846 0001259 267.5767  92.4931 15.02533610103184
STARLINK-5778           
1 57149U 23090BA  25124.37362874  .00000349  00000+0  40935-4 0  9994
2 57149  43.0035 116.3623 0001243 267.6326  92.4374 15.02533268104332
STARLINK-5778           
1 57149U 23090BA  25125.63670602  .00000728  00000+0  68960-4 0  9994
2 57149  43.0032 109.4996 0001194 271.4046  88.6660 15.02536215103397
STARLINK-5778           
1 57149U 23090BA  25125.63670602  .00000728  00000+0  68960-4 0  9994
2 57149  43.0032 109.4996 0001194 271.4046  88.6660 15.02536215104523
STARLINK-5778           
1 57149U 23090BA  25126.63387065  .00000878  00000+0  80035-4 0  9996
2 57149  43.0035 104.0808 0001184 267.9123  92.1584 15.02539245104671
STARLINK-5778           
1 57149U 23090BA  25127.89694159  .00000786  00000+0  73225-4 0  9991
2 57149  43.0037  97.2179 0001190 266.5179  93.5527 15.02544365103737
STARLINK-5778           
1 57149U 23090BA  25127.89694159  .00000786  00000+0  73225-4 0  9991
2 57149  43.0037  97.2179 0001190 266.5179  93.5527 15.02544365104862
STARLINK-5778           
1 57149U 23090BA  25128.29581654 -.00000322  00000+0 -87743-5 0  9990
2 57149  43.0054  95.0523 0001220 264.7779  95.2924 15.02534699103790
STARLINK-5778           
1 57149U 23090BA  25128.29581654 -.00000322  00000+0 -87743-5 0  9990
2 57149  43.0054  95.0523 0001220 264.7779  95.2924 15.02534699104926
STARLINK-5778           
1 57149U 23090BA  25128.96060130 -.00001717  00000+0 -11205-3 0  9992
2 57149  43.0056  91.4388 0001506 267.7563  92.3107 15.02530304103893
STARLINK-5778           
1 57149U 23090BA  25128.96060130 -.00001717  00000+0 -11205-3 0  9992
2 57149  43.0056  91.4388 0001506 267.7563  92.3107 15.02530304105020
STARLINK-5778           
1 57149U 23090BA  25130.22367570  .00001606  00000+0  13391-3 0  9995
2 57149  43.0038  84.5755 0001120 272.7288  87.3426 15.02531669104081
STARLINK-5778           
1 57149U 23090BA  25130.55606249  .00001648  00000+0  13702-3 0  9992
2 57149  43.0040  82.7687 0001147 272.4962  87.5749 15.02535753105262
STARLINK-5778           
1 57149U 23090BA  25131.15437178  .00000058  00000+0  19383-4 0  9998
2 57149  43.0049  79.5168 0001195 269.0902  90.9803 15.02528780104224
STARLINK-5778           
1 57149U 23090BA  25131.55324047 -.00000771  00000+0 -41987-4 0  9991
2 57149  43.0048  77.3499 0001254 266.9793  93.0906 15.02532383105410
STARLINK-5778           
1 57149U 23090BA  25131.88562791 -.00000485  00000+0 -20850-4 0  9995
2 57149  43.0043  75.5442 0001284 265.8524  94.2171 15.02534402105462
STARLINK-5778           
1 57149U 23090BA  25132.21801543 -.00000153  00000+0  37415-5 0  9991
2 57149  43.0042  73.7382 0001258 266.0673  94.0025 15.02536466104381
STARLINK-5778           
1 57149U 23090BA  25132.55040103  .00000167  00000+0  27433-4 0  9997
2 57149  43.0045  71.9324 0001269 265.7765  94.2932 15.02540191105560
STARLINK-5778           
1 57149U 23090BA  25133.21518146  .00001228  00000+0  10596-3 0  9998
2 57149  43.0048  68.3207 0001252 265.1167  94.9533 15.02533542105662
STARLINK-5778           
1 57149U 23090BA  25133.81348116  .00000747  00000+0  70357-4 0  9999
2 57149  43.0051  65.0698 0001217 266.3434  93.7269 15.02537130104620
STARLINK-5778           
1 57149U 23090BA  25133.81348116  .00000747  00000+0  70357-4 0  9999
2 57149  43.0051  65.0698 0001217 266.3434  93.7269 15.02537130105755
STARLINK-5778           
1 57149U 23090BA  25134.47825819  .00000223  00000+0  31605-4 0  9994
2 57149  43.0055  61.4574 0001280 264.7319  95.3377 15.02539283105856
STARLINK-5778           
1 57149U 23090BA  25135.14304040 -.00000384  00000+0 -13318-4 0  9998
2 57149  43.0058  57.8453 0001266 260.7811  99.2888 15.02534373104822
STARLINK-5778           
1 57149U 23090BA  25135.14304040 -.00000384  00000+0 -13318-4 0  9998
2 57149  43.0058  57.8453 0001266 260.7811  99.2888 15.02534373105957
STARLINK-5778           
1 57149U 23090BA  25135.94077551 -.00000204  00000+0 -18527-7 0  9991
2 57149  43.0068  53.5123 0001215 265.0146  95.0557 15.02533724106078
STARLINK-5778           
1 57149U 23090BA  25136.80498567  .00000236  00000+0  32518-4 0  9997
2 57149  43.0057  48.8149 0001312 265.0860  94.9833 15.02536191105077
STARLINK-5778           
1 57149U 23090BA  25136.80498567  .00000236  00000+0  32518-4 0  9997
2 57149  43.0057  48.8149 0001312 265.0860  94.9833 15.02536191106203
STARLINK-5778           
1 57149U 23090BA  25137.46975977  .00001093  00000+0  95994-4 0  9994
2 57149  43.0069  45.2009 0001308 257.4415 102.6281 15.02539173106306
STARLINK-5778           
1 57149U 23090BA  25138.06806313  .00000387  00000+0  43694-4 0  9993
2 57149  43.0071  41.9502 0001305 257.8492 102.2205 15.02536224105266
STARLINK-5778           
1 57149U 23090BA  25138.06806313  .00000387  00000+0  43694-4 0  9993
2 57149  43.0071  41.9502 0001305 257.8492 102.2205 15.02536224106391
STARLINK-5778           
1 57149U 23090BA  25138.79933923 -.00001730  00000+0 -11310-3 0  9995
2 57149  43.0055  37.9786 0001328 264.3990  95.6701 15.02520316105371
STARLINK-5778           
1 57149U 23090BA  25138.79933923 -.00001730  00000+0 -11310-3 0  9995
2 57149  43.0055  37.9786 0001328 264.3990  95.6701 15.02520316106507
STARLINK-5778           
1 57149U 23090BA  25139.39764167 -.00001366  00000+0 -86121-4 0  9992
2 57149  43.0053  34.7274 0001226 254.4287 105.6420 15.02523875105465
STARLINK-5778           
1 57149U 23090BA  25139.39764167 -.00001366  00000+0 -86121-4 0  9992
2 57149  43.0053  34.7274 0001226 254.4287 105.6420 15.02523875106590
STARLINK-5778           
1 57149U 23090BA  25140.06241514  .00000680  00000+0  65430-4 0  9990
2 57149  43.0041  31.1140 0001252 255.8786 104.1917 15.02530392105561
STARLINK-5778           
1 57149U 23090BA  25140.06241514  .00000680  00000+0  65430-4 0  9990
2 57149  43.0041  31.1140 0001252 255.8786 104.1917 15.02530392106696
STARLINK-5778           
1 57149U 23090BA  25140.99309987  .00002974  00000+0  23514-3 0  9995
2 57149  43.0056  26.0587 0001251 256.3920 103.6783 15.02536527105707
STARLINK-5778           
1 57149U 23090BA  25141.39196034  .00003343  00000+0  26234-3 0  9990
2 57149  43.0050  23.8912 0001245 251.0800 108.9907 15.02543681106896
STARLINK-5778           
1 57149U 23090BA  25142.05674094  .00000576  00000+0  57703-4 0  9992
2 57149  43.0031  20.2803 0001205 242.0713 118.0007 15.02544848105869
STARLINK-5778           
1 57149U 23090BA  25142.05674094  .00000576  00000+0  57703-4 0  9992
2 57149  43.0031  20.2803 0001205 242.0713 118.0007 15.02544848106994
STARLINK-5778           
1 57149U 23090BA  25142.65506088 -.00002761  00000+0 -18944-3 0  9998
2 57149  43.0024  17.0279 0000770 238.1698 121.9069 15.02531058105956
STARLINK-5778           
1 57149U 23090BA  25143.58574880 -.00000877  00000+0 -49903-4 0  9992
2 57149  43.0046  11.9717 0001001 257.3727 102.7003 15.02531538107224
STARLINK-5778           
1 57149U 23090BA  25143.85165499 -.00000026  00000+0  13118-4 0  9998
2 57149  43.0051  10.5262 0001258 250.8012 109.2695 15.02536895106138
STARLINK-5778           
1 57149U 23090BA  25143.91813019 -.00004450  00000+0 -31438-3 0  9993
2 57149  43.0052  10.1650 0001288 256.0968 103.9731 15.02559711107277
STARLINK-5778           
1 57149U 23090BA  25144.11755626 -.00008114  00000+0 -58562-3 0  9993
2 57149  43.0052   9.0813 0001398 254.9142 105.1545 15.02577411106170
STARLINK-5778           
1 57149U 23090BA  25144.51643543  .00003953  00000+0  30759-3 0  9993
2 57149  43.0052   6.9141 0001075 252.3005 107.7720 15.02531496106235
STARLINK-5778           
1 57149U 23090BA  25144.58291194  .00003271  00000+0  25709-3 0  9993
2 57149  43.0052   6.5530 0001087 252.7257 107.3466 15.02537207107374
STARLINK-5778           
1 57149U 23090BA  25144.91530161  .00005282  00000+0  40570-3 0  9997
2 57149  43.0044   4.7471 0001183 251.2174 108.8540 15.02545025107420
STARLINK-5778           
1 57149U 23090BA  25145.04825579  .00006216  00000+0  47465-3 0  9990
2 57149  43.0043   4.0248 0001211 251.2445 108.8266 15.02550012106311
STARLINK-5778           
1 57149U 23090BA  25145.58007028  .00006404  00000+0  48838-3 0  9994
2 57149  43.0040   1.1353 0001288 250.4131 109.6573 15.02559830107521
STARLINK-5778           
1 57149U 23090BA  25145.84598128  .00002112  00000+0  17134-3 0  9996
2 57149  43.0041 359.6904 0001296 250.6780 109.3922 15.02551294106436
STARLINK-5778           
1 57149U 23090BA  25145.84598128  .00002112  00000+0  17134-3 0  9996
2 57149  43.0041 359.6904 0001296 250.6780 109.3922 15.02551294107561
STARLINK-5778           
1 57149U 23090BA  25147.90678523  .00000296  00000+0  36998-4 0  9994
2 57149  43.0043 348.4927 0001340 254.3507 105.7187 15.02542125106747
STARLINK-5778           
1 57149U 23090BA  25147.90678523  .00000296  00000+0  36998-4 0  9994
2 57149  43.0043 348.4927 0001340 254.3507 105.7187 15.02542125107872
STARLINK-5778           
1 57149U 23090BA  25148.23917320  .00000021  00000+0  16625-4 0  9993
2 57149  43.0046 346.6859 0001362 254.5467 105.5225 15.02541739107927
STARLINK-5778           
1 57149U 23090BA  25148.83747761  .00000516  00000+0  53261-4 0  9995
2 57149  43.0035 343.4361 0001167 257.5520 102.5192 15.02537982106883
STARLINK-5778           
1 57149U 23090BA  25148.83747761  .00000516  00000+0  53261-4 0  9995
2 57149  43.0035 343.4361 0001167 257.5520 102.5192 15.02537982108010
STARLINK-5778           
1 57149U 23090BA  25149.23634589  .00000554  00000+0  56105-4 0  9995
2 57149  43.0048 341.2683 0001249 262.0353  98.0348 15.02535543106946
STARLINK-5778           
1 57149U 23090BA  25149.23634589  .00000554  00000+0  56105-4 0  9995
2 57149  43.0048 341.2683 0001249 262.0353  98.0348 15.02535543108072
STARLINK-5778           
1 57149U 23090BA  25149.83464388  .00001075  00000+0  94667-4 0  9993
2 57149  43.0047 338.0173 0001253 262.1786  97.8914 15.02537977108164
STARLINK-5778           
1 57149U 23090BA  25150.23350763  .00001511  00000+0  12686-3 0  9995
2 57149  43.0047 335.8499 0001265 262.8222  97.2476 15.02541937108220
STARLINK-5778           
1 57149U 23090BA  25150.83181491  .00000860  00000+0  78760-4 0  9993
2 57149  43.0040 332.5993 0001247 260.8702  99.2000 15.02532944107184
STARLINK-5778           
1 57149U 23090BA  25150.83181491  .00000860  00000+0  78760-4 0  9993
2 57149  43.0040 332.5993 0001247 260.8702  99.2000 15.02532944108310
STARLINK-5778           
1 57149U 23090BA  25151.23068397  .00000597  00000+0  59291-4 0  9992
2 57149  43.0041 330.4319 0001267 261.8052  98.2647 15.02532044108374
STARLINK-5778           
1 57149U 23090BA  25151.82897973  .00000654  00000+0  63472-4 0  9997
2 57149  43.0062 327.1755 0001298 244.1289 115.9419 15.02539039108469
STARLINK-5778           
1 57149U 23090BA  25152.16136774  .00000847  00000+0  77748-4 0  9995
2 57149  43.0045 325.3736 0001226 259.6069 100.4635 15.02541618107382
STARLINK-5778           
1 57149U 23090BA  25152.49375333  .00002445  00000+0  19600-3 0  9995
2 57149  43.0045 323.5682 0001249 267.7678  92.3021 15.02544025108567
STARLINK-5778           
1 57149U 23090BA  25152.75966417  .00002298  00000+0  18508-3 0  9995
2 57149  43.0047 322.1231 0001241 267.1620  92.9081 15.02544147108609
