STARLINK-32723          
1 62449U 24251T   25007.66667824 -.01021949  00000+0 -37613-2 0  9997
2 62449  53.1645 168.7038 0000856  50.7449 122.1471 15.89821245  2355
STARLINK-32723          
1 62449U 24251T   25008.50001157 -.01067789  00000+0 -43294-2 0  9996
2 62449  53.1641 164.4773 0000647  66.2893 196.0958 15.88024548  2487
STARLINK-32723          
1 62449U 24251T   25008.58334491 -.01083475  00000+0 -44422-2 0  9998
2 62449  53.1641 164.0560 0000578  62.0568 316.9717 15.87841153  2498
STARLINK-32723          
1 62449U 24251T   25008.91667824 -.01035204  00000+0 -43919-2 0  9991
2 62449  53.1637 162.3707 0000956  45.6837  79.3900 15.87037195  2568
STARLINK-32723          
1 62449U 24251T   25009.00002315 -.01080156  00000+0 -46459-2 0  9998
2 62449  53.1636 161.9486 0000823  47.8444 193.6503 15.86871326  2556
STARLINK-32723          
1 62449U 24251T   25009.27274081 -.00398937  00000+0 -16160-2 0  9992
2 62449  53.1642 160.5689 0000893 214.0634 146.0334 15.86489308  2604
STARLINK-32723          
1 62449U 24251T   25009.27274081 -.00398937  00000+0 -16160-2 0  9992
2 62449  53.1642 160.5689 0000893 214.0634 146.0334 15.86489308  2615
STARLINK-32723          
1 62449U 24251T   25009.84005960 -.00187507  00000+0 -79046-3 0  9995
2 62449  53.1637 157.7066 0001132  30.3359 329.7731 15.85139248  2699
STARLINK-32723          
1 62449U 24251T   25009.84005960 -.00187507  00000+0 -79046-3 0  9995
2 62449  53.1637 157.7066 0001132  30.3359 329.7731 15.85139248  2701
STARLINK-32723          
1 62449U 24251T   25009.90311729 -.00197108  00000+0 -83800-3 0  9996
2 62449  53.1639 157.3890 0000963 170.6845 189.4198 15.84991047  2703
STARLINK-32723          
1 62449U 24251T   25009.90311729 -.00197108  00000+0 -83800-3 0  9996
2 62449  53.1639 157.3890 0000963 170.6845 189.4198 15.84991047  2714
STARLINK-32723          
1 62449U 24251T   25010.84884404  .00077966  00000+0  32159-3 0  9994
2 62449  53.1639 152.6205 0010979 334.7978  25.2509 15.85161185  2851
STARLINK-32723          
1 62449U 24251T   25011.58334491 -.01231643  00000+0 -71513-2 0  9995
2 62449  53.1628 148.9486 0000949  68.3239 150.5561 15.80538924  2982
STARLINK-32723          
1 62449U 24251T   25011.83334491 -.01172815  00000+0 -69893-2 0  9996
2 62449  53.1628 147.6979 0001107  58.7776 143.1109 15.79842115  3009
STARLINK-32723          
1 62449U 24251T   25011.91667824 -.01219265  00000+0 -73666-2 0  9998
2 62449  53.1627 147.2806 0000928  55.6297 260.4488 15.79651595  3044
STARLINK-32723          
1 62449U 24251T   25012.16667824 -.01194326  00000+0 -74283-2 0  9992
2 62449  53.1633 146.0290 0000628  68.2093 230.0822 15.78965359  3068
STARLINK-32723          
1 62449U 24251T   25012.58334491 -.01274337  00000+0 -83914-2 0  9991
2 62449  53.1630 143.9496 0000921  68.2341  79.0571 15.77896072  3146
STARLINK-32723          
1 62449U 24251T   25012.83334491 -.01215544  00000+0 -82149-2 0  9993
2 62449  53.1624 142.7035 0001059  53.4588  74.4435 15.77179263  3163
STARLINK-32723          
1 62449U 24251T   25012.91667824 -.01253468  00000+0 -85861-2 0  9992
2 62449  53.1620 142.2878 0000778  62.2210 179.0744 15.76972797  3208
STARLINK-32723          
1 62449U 24251T   25013.16667824 -.01230273  00000+0 -86750-2 0  9997
2 62449  53.1619 141.0410 0000839  75.7033 145.3822 15.76268455  3218
STARLINK-32723          
1 62449U 24251T   25013.58334491 -.01314685  00000+0 -96239-2 0  9997
2 62449  53.1611 138.9695 0000804  69.4958 356.5071 15.75153010  3309
STARLINK-32723          
1 62449U 24251T   25013.91667824 -.00333878  00000+0 -23931-2 0  9996
2 62449  53.1606 137.3138 0000946  57.8898  98.8567 15.73934174  3367
STARLINK-32723          
1 62449U 24251T   25014.16668981  .00123898  00000+0  85642-3 0  9994
2 62449  53.1604 136.0717 0001006  83.6505  50.4454 15.73679756  3376
STARLINK-32723          
1 62449U 24251T   25014.58334491 -.00047163  00000+0 -32572-3 0  9992
2 62449  53.1598 134.0067 0001115  77.4119 258.5882 15.73746347  3464
STARLINK-32723          
1 62449U 24251T   25014.83335648  .00073558  00000+0  51278-3 0  9994
2 62449  53.1591 132.7672 0001146  66.6731 246.5769 15.73702287  3486
STARLINK-32723          
1 62449U 24251T   25014.91667824 -.00036748  00000+0 -25245-3 0  9994
2 62449  53.1587 132.3534 0001135  72.8063 352.7581 15.73752218  3525
STARLINK-32723          
1 62449U 24251T   25015.16667824  .00055861  00000+0  39133-3 0  9998
2 62449  53.1586 131.1124 0001220  86.1572 316.6097 15.73698833  3538
STARLINK-32723          
1 62449U 24251T   25015.58334491 -.00083651  00000+0 -58345-3 0  9991
2 62449  53.1583 129.0480 0001425  78.9081 165.8423 15.73751695  3620
STARLINK-32723          
1 62449U 24251T   25015.83334491 -.00268235  00000+0 -19178-2 0  9992
2 62449  53.1581 127.8084 0001276  72.9189 148.9901 15.73801855  3639
STARLINK-32723          
1 62449U 24251T   25016.16667824 -.01382970  00000+0 -10844-1 0  9992
2 62449  53.1587 126.1531 0000978  80.4865 230.9923 15.73721958  3694
STARLINK-32723          
1 62449U 24251T   25016.58334491 -.01348592  00000+0 -11135-1 0  9995
2 62449  53.1589 124.0902 0001259  67.4087  85.0784 15.72451881  3787
STARLINK-32723          
1 62449U 24251T   25016.83335648 -.01358120  00000+0 -11575-1 0  9994
2 62449  53.1586 122.8530 0001289  59.5772  68.6595 15.71731411  3790
STARLINK-32723          
1 62449U 24251T   25016.91667824 -.01399005  00000+0 -12084-1 0  9990
2 62449  53.1585 122.4404 0001109  72.7297 167.1883 15.71507744  3835
STARLINK-32723          
1 62449U 24251T   25017.33334491 -.01392003  00000+0 -12670-1 0  9990
2 62449  53.1591 120.3808 0001215  69.8729   7.6975 15.70255628  3876
STARLINK-32723          
1 62449U 24251T   25017.58334491 -.01387419  00000+0 -13036-1 0  9999
2 62449  53.1589 119.1492 0001240  59.5689 351.7000 15.69488596  3947
STARLINK-32723          
1 62449U 24251T   25017.83334491 -.01394143  00000+0 -13520-1 0  9997
2 62449  53.1588 117.9172 0001175  54.3729 329.8966 15.68746258  3951
STARLINK-32723          
1 62449U 24251T   25017.91667824 -.01454481  00000+0 -14038-1 0  9992
2 62449  53.1589 117.5060 0001376  64.0459  71.0757 15.68509898  4003
STARLINK-32723          
1 62449U 24251T   25018.50001157 -.01446760  00000+0 -15023-1 0  9995
2 62449  53.1594 114.6387 0001431  71.2797 117.6884 15.66715928  4050
STARLINK-32723          
1 62449U 24251T   25018.58334491 -.01424951  00000+0 -14936-1 0  9993
2 62449  53.1594 114.2301 0001225  68.6349 230.5790 15.66446087  4100
STARLINK-32723          
1 62449U 24251T   25018.91667824 -.01469636  00000+0 -16094-1 0  9995
2 62449  53.1593 112.5948 0001109  58.7271 320.6747 15.65452133  4169
STARLINK-32723          
1 62449U 24251T   25019.16667824 -.01409900  00000+0 -15878-1 0  9990
2 62449  53.1592 111.3697 0001030  74.6598 274.0979 15.64641046  4169
STARLINK-32723          
1 62449U 24251T   25019.50001157 -.01466431  00000+0 -17269-1 0  9997
2 62449  53.1590 109.7419 0001253  61.1138   5.6758 15.63630435  4216
STARLINK-32723          
1 62449U 24251T   25019.58334491 -.01430951  00000+0 -16993-1 0  9996
2 62449  53.1591 109.3351 0001381  67.9696 108.1425 15.63347990  4269
STARLINK-32723          
1 62449U 24251T   25019.91667824 -.01490724  00000+0 -18505-1 0  9997
2 62449  53.1589 107.7074 0001160  75.9144 176.6595 15.62346808  4323
STARLINK-32723          
1 62449U 24251T   25020.16668981 -.01431676  00000+0 -18267-1 0  9997
2 62449  53.1591 106.4878 0001227  84.5492 134.6388 15.61526004  4310
STARLINK-32723          
1 62449U 24251T   25020.50001157 -.01474697  00000+0 -19655-1 0  9993
2 62449  53.1594 104.8678 0001144  75.1127 218.2881 15.60492462  4374
STARLINK-32723          
1 62449U 24251T   25020.58334491 -.01445551  00000+0 -19431-1 0  9990
2 62449  53.1596 104.4630 0001197  60.1910 341.5868 15.60212342  4420
STARLINK-32723          
1 62449U 24251T   25020.91667824 -.01495377  00000+0 -20991-1 0  9990
2 62449  53.1599 102.8428 0001272  64.9317  49.5360 15.59188830  4487
STARLINK-32723          
1 62449U 24251T   25021.16668981 -.01447709  00000+0 -20890-1 0  9997
2 62449  53.1601 101.6292 0001234  71.9735   6.2590 15.58367428  4472
STARLINK-32723          
1 62449U 24251T   25021.50001157 -.01479470  00000+0 -22273-1 0  9998
2 62449  53.1599 100.0169 0001441  68.1612  80.4811 15.57314334  4529
STARLINK-32723          
1 62449U 24251T   25021.58334491 -.01451833  00000+0 -22042-1 0  9993
2 62449  53.1602  99.6141 0001285  74.1538 181.9099 15.57033285  4581
STARLINK-32723          
1 62449U 24251T   25021.91667824 -.01499752  00000+0 -23767-1 0  9996
2 62449  53.1598  98.0015 0001053  75.8536 249.0763 15.55995923  4642
STARLINK-32723          
1 62449U 24251T   25022.16667824 -.01467088  00000+0 -23906-1 0  9996
2 62449  53.1599  96.7942 0001137  89.9845 195.7655 15.55176443  4633
STARLINK-32723          
1 62449U 24251T   25022.50001157 -.01490858  00000+0 -25323-1 0  9991
2 62449  53.1596  95.1895 0001121  70.5527 281.8259 15.54106501  4685
STARLINK-32723          
1 62449U 24251T   25022.50001157 -.01490858  00000+0 -25323-1 0  9991
2 62449  53.1596  95.1895 0001121  70.5527 281.8259 15.54106501  4731
STARLINK-32723          
1 62449U 24251T   25023.16667824 -.01480605  00000+0 -27186-1 0  9991
2 62449  53.1597  91.9822 0001292  80.1804  41.5694 15.51950127  4787
STARLINK-32723          
1 62449U 24251T   25023.50001157 -.01505849  00000+0 -28296-1 0  9991
2 62449  53.1597  90.3854 0001395  70.0298 114.4669 15.50857695  4837
STARLINK-32723          
1 62449U 24251T   25023.58334491 -.01348568  00000+0 -25787-1 0  9994
2 62449  53.1599  89.9864 0001277  69.5710 220.4194 15.50525625  4909
STARLINK-32723          
1 62449U 24251T   25023.83335648 -.00292582  00000+0 -54170-2 0  9999
2 62449  53.1599  88.7882 0001418  61.8789 184.1520 15.49488562  4897
STARLINK-32723          
1 62449U 24251T   25023.91667824 -.00023481  00000+0 -41526-3 0  9994
2 62449  53.1601  88.3891 0001348  69.9088 281.1975 15.49317077  4962
STARLINK-32723          
1 62449U 24251T   25024.16667824  .00013036  00000+0  24202-3 0  9997
2 62449  53.1602  87.1932 0001400  73.6029 232.6711 15.49312863  4947
STARLINK-32723          
1 62449U 24251T   25024.58335648  .00030825  00000+0  56024-3 0  9991
2 62449  53.1602  85.2033 0001464  68.5437  43.0819 15.49301568  5061
STARLINK-32723          
1 62449U 24251T   25024.83334491 -.00046992  00000+0 -84104-3 0  9998
2 62449  53.1601  84.0068 0001380  77.1979 349.5314 15.49338141  5048
STARLINK-32723          
1 62449U 24251T   25024.91667824  .00058135  00000+0  10474-2 0  9994
2 62449  53.1603  83.6078 0001230  81.3461  90.4502 15.49258529  5124
STARLINK-32723          
1 62449U 24251T   25025.50001157 -.00129913  00000+0 -23608-2 0  9999
2 62449  53.1600  80.8205 0001215  90.0737  97.1507 15.49380054  5148
STARLINK-32723          
1 62449U 24251T   25025.58334491  .00005162  00000+0  10102-3 0  9990
2 62449  53.1598  80.4223 0001318  86.0298 206.2252 15.49249547  5221
STARLINK-32723          
1 62449U 24251T   25025.83334491  .00042673  00000+0  77265-3 0  9999
2 62449  53.1595  79.2258 0001260  97.9092 149.4603 15.49252381  5207
STARLINK-32723          
1 62449U 24251T   25025.91668981  .00113387  00000+0  20230-2 0  9992
2 62449  53.1596  78.8269 0001293 105.3262 247.1503 15.49228542  5289
STARLINK-32723          
1 62449U 24251T   25026.50001157  .00049153  00000+0  88517-3 0  9996
2 62449  53.1593  76.0399 0001303  95.2868 272.4981 15.49344459  5301
STARLINK-32723          
1 62449U 24251T   25026.58334491  .00003337  00000+0  67891-4 0  9991
2 62449  53.1591  75.6415 0001274  91.0894  21.7659 15.49367885  5386
STARLINK-32723          
1 62449U 24251T   25026.83334491 -.00102321  00000+0 -18511-2 0  9997
2 62449  53.1592  74.4446 0001196  94.5964 333.4876 15.49380775  5351
STARLINK-32723          
1 62449U 24251T   25026.91668981 -.00008253  00000+0 -14041-3 0  9994
2 62449  53.1592  74.0456 0001177  94.4746  78.7604 15.49323227  5441
STARLINK-32723          
1 62449U 24251T   25027.16667824 -.00013624  00000+0 -23715-3 0  9993
2 62449  53.1594  72.8503 0001262  95.1728  33.1752 15.49328464  5408
STARLINK-32723          
1 62449U 24251T   25027.46623659  .00003080  00000+0  63376-4 0  9995
2 62449  53.1608  71.4188 0001124 106.8277 253.2855 15.49325773  5469
STARLINK-32723          
1 62449U 24251T   25027.53074312  .00002833  00000+0  58943-4 0  9998
2 62449  53.1609  71.1122 0001145  95.1006 265.0134 15.49325156  5464
STARLINK-32723          
1 62449U 24251T   25027.53074312  .00002833  00000+0  58943-4 0  9998
2 62449  53.1609  71.1122 0001145  95.1006 265.0134 15.49325156  5475
STARLINK-32723          
1 62449U 24251T   25028.11133029  .00004183  00000+0  83246-4 0  9998
2 62449  53.1604  68.3354 0001317  66.0064 294.1083 15.49302707  5559
STARLINK-32723          
1 62449U 24251T   25028.49995764 -.00235713  00000+0 -46370-2 0  9993
2 62449  53.1613  66.4951 0009517 109.7006 250.5030 15.47478323  5613
STARLINK-32723          
1 62449U 24251T   25028.83335648 -.01523924  00000+0 -32907-1 0  9995
2 62449  53.1596  64.8867 0001130  73.5579 352.9429 15.46966228  5666
STARLINK-32723          
1 62449U 24251T   25028.91667824 -.01485167  00000+0 -32312-1 0  9994
2 62449  53.1595  64.4894 0001271  83.2442  87.5080 15.46672866  5761
STARLINK-32723          
1 62449U 24251T   25029.58335648 -.01490468  00000+0 -34954-1 0  9998
2 62449  53.1589  61.3208 0001077  80.0429 202.3026 15.44513292  5787
STARLINK-32723          
1 62449U 24251T   25029.91667824 -.01484191  00000+0 -36117-1 0  9998
2 62449  53.1590  59.7379 0000956  86.9267 249.1765 15.43419654  5920
STARLINK-32723          
1 62449U 24251T   25030.16668981 -.01529822  00000+0 -38348-1 0  9991
2 62449  53.1592  58.5542 0001131  95.0657 190.5930 15.42638313  5872
STARLINK-32723          
1 62449U 24251T   25030.58334491 -.01490950  00000+0 -39043-1 0  9995
2 62449  53.1587  56.5853 0001197  65.7399  14.0683 15.41259935  6029
STARLINK-32723          
1 62449U 24251T   25030.83334491 -.00794471  00000+0 -21255-1 0  9993
2 62449  53.1591  55.4034 0001150  93.8223 293.5820 15.40208116  5974
STARLINK-32723          
1 62449U 24251T   25030.83334491 -.00794471  00000+0 -21255-1 0  9993
2 62449  53.1591  55.4034 0001150  93.8223 293.5820 15.40208116  6065
STARLINK-32723          
1 62449U 24251T   25031.16668981 -.00022670  00000+0 -55829-3 0  9995
2 62449  53.1593  53.8323 0001208  92.2610 344.1262 15.39628307  6022
STARLINK-32723          
1 62449U 24251T   25031.58334491  .00052705  00000+0  13206-2 0  9999
2 62449  53.1591  51.8701 0001246  77.8792 149.1857 15.39571503  5960
STARLINK-32723          
1 62449U 24251T   25031.91667824  .00076622  00000+0  19089-2 0  9994
2 62449  53.1595  50.2975 0001265  89.2134 186.4096 15.39578850  6016
STARLINK-32723          
1 62449U 24251T   25032.16668981 -.00003592  00000+0 -79778-4 0  9998
2 62449  53.1599  49.1203 0001359  90.8166 131.2836 15.39645122  6183
STARLINK-32723          
1 62449U 24251T   25032.58334491  .00043844  00000+0  11004-2 0  9998
2 62449  53.1600  47.1577 0001282  74.3217 298.4923 15.39602893  6076
STARLINK-32723          
1 62449U 24251T   25032.83334491 -.00066847  00000+0 -16747-2 0  9995
2 62449  53.1605  45.9782 0001280  89.5941 229.6564 15.39640961  6115
STARLINK-32723          
1 62449U 24251T   25032.83334491 -.00066847  00000+0 -16747-2 0  9995
2 62449  53.1605  45.9782 0001280  89.5941 229.6564 15.39640961  6283
STARLINK-32723          
1 62449U 24251T   25033.16668981 -.00068078  00000+0 -17051-2 0  9993
2 62449  53.1609  44.4081 0001246  96.4444 271.4558 15.39656726  6330
STARLINK-32723          
1 62449U 24251T   25033.58335648  .00052819  00000+0  13238-2 0  9997
2 62449  53.1608  42.4456 0001028  92.5905  66.0378 15.39562949  5790
STARLINK-32723          
1 62449U 24251T   25033.83335648  .00071262  00000+0  17775-2 0  9998
2 62449  53.1610  41.2663 0001025 106.2982 358.7357 15.39575974  6437
STARLINK-32723          
1 62449U 24251T   25033.91668981  .00087316  00000+0  21706-2 0  9992
2 62449  53.1608  40.8733 0001057 106.7255 100.4498 15.39583148  5844
STARLINK-32723          
1 62449U 24251T   25034.00918875 -.00002009  00000+0 -40270-4 0  9990
2 62449  53.1629  40.4401 0001399 101.8079 258.3083 15.39612761  6460
STARLINK-32723          
1 62449U 24251T   25034.26884417 -.00001079  00000+0 -16984-4 0  9993
2 62449  53.1640  39.2193 0001513  98.7877 261.3299 15.39615472  6516
STARLINK-32723          
1 62449U 24251T   25035.17766021  .00000120  00000+0  12989-4 0  9999
2 62449  53.1616  34.9319 0001237  98.2543 261.8602 15.39598655  6649
STARLINK-32723          
1 62449U 24251T   25035.30749041  .00000355  00000+0  18857-4 0  9997
2 62449  53.1625  34.3195 0001274 104.2964 255.8182 15.39599251  6673
STARLINK-32723          
1 62449U 24251T   25036.15135168  .00003005  00000+0  85036-4 0  9998
2 62449  53.1618  30.3430 0000998 137.3337 222.7745 15.39635662  6794
STARLINK-32723          
1 62449U 24251T   25036.34610729  .00000301  00000+0  17504-4 0  9991
2 62449  53.1618  29.4259 0001150 103.5731 256.5402 15.39622500  6822
STARLINK-32723          
1 62449U 24251T   25036.34610729  .00000301  00000+0  17504-4 0  9991
2 62449  53.1618  29.4259 0001150 103.5731 256.5402 15.39622500  6833
STARLINK-32723          
1 62449U 24251T   25038.22862965  .00000149  00000+0  13707-4 0  9992
2 62449  53.1613  20.5566 0001329  90.4590 269.6567 15.39617798  7118
STARLINK-32723          
1 62449U 24251T   25038.22862965  .00000149  00000+0  13707-4 0  9992
2 62449  53.1613  20.5566 0001329  90.4590 269.6567 15.39617798  7129
STARLINK-32723          
1 62449U 24251T   25039.33217436 -.00000668  00000+0 -67161-5 0  9994
2 62449  53.1616  15.3570 0001325  93.0466 267.0691 15.39624225  7286
STARLINK-32723          
1 62449U 24251T   25039.33217436 -.00000668  00000+0 -67161-5 0  9994
2 62449  53.1616  15.3570 0001325  93.0466 267.0691 15.39624225  7297
STARLINK-32723          
1 62449U 24251T   25039.65674895 -.00000965  00000+0 -14150-4 0  9994
2 62449  53.1617  13.8266 0001280  87.8766 272.2385 15.39621368  7346
STARLINK-32723          
1 62449U 24251T   25040.30589261  .00000700  00000+0  27486-4 0  9991
2 62449  53.1615  10.7668 0001049 101.0233 259.0890 15.39619089  7449
STARLINK-32723          
1 62449U 24251T   25040.63047923 -.00001191  00000+0 -19795-4 0  9992
2 62449  53.1621   9.2391 0001374  89.0667 271.0495 15.39607508  7481
STARLINK-32723          
1 62449U 24251T   25040.63047923 -.00001191  00000+0 -19795-4 0  9992
2 62449  53.1621   9.2391 0001374  89.0667 271.0495 15.39607508  7492
STARLINK-32723          
1 62449U 24251T   25041.14978233  .00001328  00000+0  43183-4 0  9994
2 62449  53.1620   6.7917 0001475  87.6502 272.4671 15.39623089  7562
STARLINK-32723          
1 62449U 24251T   25041.27959074  .00004161  00000+0  11386-3 0  9997
2 62449  53.1620   6.1797 0001131  98.3903 261.7230 15.39645481  7589
STARLINK-32723          
1 62449U 24251T   25041.27959074  .00004161  00000+0  11386-3 0  9997
2 62449  53.1620   6.1797 0001131  98.3903 261.7230 15.39645481  7590
STARLINK-32723          
1 62449U 24251T   25041.60418221  .00000708  00000+0  27673-4 0  9998
2 62449  53.1621   4.6504 0001145 106.3555 253.7576 15.39621846  7636
STARLINK-32723          
1 62449U 24251T   25041.60418221  .00000708  00000+0  27673-4 0  9998
2 62449  53.1621   4.6504 0001145 106.3555 253.7576 15.39621846  7647
STARLINK-32723          
1 62449U 24251T   25042.12351525 -.00001669  00000+0 -31789-4 0  9991
2 62449  53.1613   2.2055 0000775 124.3364 235.7714 15.39604074  7715
STARLINK-32723          
1 62449U 24251T   25042.57790880 -.00000085  00000+0  78634-5 0  9992
2 62449  53.1621   0.0634 0001061 101.5710 258.5414 15.39619747  7784
STARLINK-32723          
1 62449U 24251T   25042.57790880 -.00000085  00000+0  78634-5 0  9992
2 62449  53.1621   0.0634 0001061 101.5710 258.5414 15.39619747  7795
STARLINK-32723          
1 62449U 24251T   25042.90247213  .00000615  00000+0  25340-4 0  9999
2 62449  53.1619 358.5342 0000510 190.9372 169.1622 15.39626175  7840
STARLINK-32723          
1 62449U 24251T   25043.16214882 -.00004449  00000+0 -10133-3 0  9998
2 62449  53.1604 357.3161 0000765 110.2308 249.8779 15.39617550  7875
STARLINK-32723          
1 62449U 24251T   25043.16214882 -.00004449  00000+0 -10133-3 0  9998
2 62449  53.1604 357.3161 0000765 110.2308 249.8779 15.39617550  7886
STARLINK-32723          
1 62449U 24251T   25044.26569262  .00002136  00000+0  63393-4 0  9991
2 62449  53.1622 352.1103 0001061  88.5566 271.5560 15.39605405  8043
STARLINK-32723          
1 62449U 24251T   25044.26569262  .00002136  00000+0  63393-4 0  9991
2 62449  53.1622 352.1103 0001061  88.5566 271.5560 15.39605405  8054
STARLINK-32723          
1 62449U 24251T   25044.84990645 -.00001614  00000+0 -30354-4 0  9991
2 62449  53.1625 349.3605 0001162  89.4327 270.6811 15.39642965  8139
STARLINK-32723          
1 62449U 24251T   25044.84990645 -.00001614  00000+0 -30354-4 0  9991
2 62449  53.1625 349.3605 0001162  89.4327 270.6811 15.39642965  8140
STARLINK-32723          
1 62449U 24251T   25045.10958408  .00001273  00000+0  41833-4 0  9995
2 62449  53.1623 348.1356 0001244  72.3374 287.7767 15.39599079  8171
STARLINK-32723          
1 62449U 24251T   25045.10958408  .00001273  00000+0  41833-4 0  9995
2 62449  53.1623 348.1356 0001244  72.3374 287.7767 15.39599079  8182
STARLINK-32723          
1 62449U 24251T   25045.82363087  .00001298  00000+0  42417-4 0  9993
2 62449  53.1605 344.7676 0001043  91.1753 268.9371 15.39620364  8281
STARLINK-32723          
1 62449U 24251T   25045.82363087  .00001298  00000+0  42417-4 0  9993
2 62449  53.1605 344.7676 0001043  91.1753 268.9371 15.39620364  8292
STARLINK-32723          
1 62449U 24251T   25046.08331232 -.00001963  00000+0 -39128-4 0  9995
2 62449  53.1613 343.5447 0001500  79.8201 280.2973 15.39596567  8329
STARLINK-32723          
1 62449U 24251T   25046.53770068 -.00001044  00000+0 -16117-4 0  9992
2 62449  53.1612 341.4080 0001106  87.7926 272.3205 15.39618612  8395
STARLINK-32723          
1 62449U 24251T   25046.53770068 -.00001044  00000+0 -16117-4 0  9992
2 62449  53.1612 341.4080 0001106  87.7926 272.3205 15.39618612  8407
STARLINK-32723          
1 62449U 24251T   25047.12191890  .00004078  00000+0  11188-3 0  9998
2 62449  53.1598 338.6584 0001324  38.0594 322.0504 15.39622315  8487
STARLINK-32723          
1 62449U 24251T   25047.18682673  .00004335  00000+0  11825-3 0  9992
2 62449  53.1602 338.3477 0001043  67.0353 293.0762 15.39632730  8490
STARLINK-32723          
1 62449U 24251T   25047.18682673  .00004335  00000+0  11825-3 0  9992
2 62449  53.1602 338.3477 0001043  67.0353 293.0762 15.39632730  8502
STARLINK-32723          
1 62449U 24251T   25047.96582691  .00001852  00000+0  56315-4 0  9992
2 62449  53.1614 334.6729 0001295 126.8568 233.2556 15.39596791  8621
STARLINK-32723          
1 62449U 24251T   25048.03075666 -.00000579  00000+0 -44921-5 0  9998
2 62449  53.1613 334.3671 0001267 118.4606 241.6527 15.39579371  8628
STARLINK-32723          
1 62449U 24251T   25048.48513997  .00000669  00000+0  26693-4 0  9994
2 62449  53.1607 332.2299 0000896  86.0814 274.0293 15.39614781  8694
STARLINK-32723          
1 62449U 24251T   25048.48513997  .00000669  00000+0  26693-4 0  9994
2 62449  53.1607 332.2299 0000896  86.0814 274.0293 15.39614781  8706
STARLINK-32723          
1 62449U 24251T   25048.93953487  .00000004  00000+0  10061-4 0  9991
2 62449  53.1599 330.0852 0000876  62.3548 297.7546 15.39629673  8772
STARLINK-32723          
1 62449U 24251T   25049.06936366 -.00000769  00000+0 -92483-5 0  9992
2 62449  53.1600 329.4741 0001062  47.2726 312.8368 15.39629111  8781
STARLINK-32723          
1 62449U 24251T   25049.19919146 -.00001167  00000+0 -19184-4 0  9992
2 62449  53.1604 328.8651 0000991  65.6975 294.4133 15.39630414  8815
STARLINK-32723          
1 62449U 24251T   25049.91326338  .00003632  00000+0  10080-3 0  9999
2 62449  53.1602 325.5025 0000929  60.4769 299.6328 15.39600798  8924
STARLINK-32723          
1 62449U 24251T   25050.04310878  .00000897  00000+0  32449-4 0  9991
2 62449  53.1599 324.8905 0001150  66.7305 293.3821 15.39584370  8937
STARLINK-32723          
1 62449U 24251T   25050.04310878  .00000897  00000+0  32449-4 0  9991
2 62449  53.1599 324.8905 0001150  66.7305 293.3821 15.39584370  8948
STARLINK-32723          
1 62449U 24251T   25050.95187248  .00001378  00000+0  44393-4 0  9990
2 62449  53.1595 320.6038 0000983  45.3336 314.7749 15.39637028  9087
STARLINK-32723          
1 62449U 24251T   25051.14660716  .00004025  00000+0  11046-3 0  9998
2 62449  53.1601 319.6907 0000951  78.1475 281.9636 15.39643507  9103
STARLINK-32723          
1 62449U 24251T   25051.47121115 -.00001628  00000+0 -30738-4 0  9997
2 62449  53.1598 318.1603 0001118  65.8768 294.2354 15.39607388  9166
STARLINK-32723          
1 62449U 24251T   25051.92563029 -.00000069  00000+0  82721-5 0  9998
2 62449  53.1601 316.0206 0001207  89.9395 270.1748 15.39583836  9227
STARLINK-32723          
1 62449U 24251T   25052.44493680  .00001400  00000+0  44984-4 0  9998
2 62449  53.1597 313.5713 0001071  92.3084 267.8044 15.39606970  9304
STARLINK-32723          
1 62449U 24251T   25052.44493680  .00001400  00000+0  44984-4 0  9998
2 62449  53.1597 313.5713 0001071  92.3084 267.8044 15.39606970  9315
STARLINK-32723          
1 62449U 24251T   25052.89932195 -.00000526  00000+0 -31835-5 0  9998
2 62449  53.1597 311.4299 0000983 227.7721 132.3201 15.39618911  9380
STARLINK-32723          
1 62449U 24251T   25053.02915496 -.00000602  00000+0 -50871-5 0  9995
2 62449  53.1597 310.8180 0000949 116.2411 243.8691 15.39618029  9394
STARLINK-32723          
1 62449U 24251T   25053.41864085 -.00002250  00000+0 -46295-4 0  9990
2 62449  53.1586 308.9835 0000861 106.8769 253.2330 15.39625675  9469
STARLINK-32723          
1 62449U 24251T   25053.67830595  .00002859  00000+0  81458-4 0  9990
2 62449  53.1611 307.7588 0000996 115.1563 244.9545 15.39604648  9499
STARLINK-32723          
1 62449U 24251T   25053.67830595  .00002859  00000+0  81458-4 0  9990
2 62449  53.1611 307.7588 0000996 115.1563 244.9545 15.39604648  9501
STARLINK-32723          
1 62449U 24251T   25054.84677456  .00007710  00000+0  20272-3 0  9992
2 62449  53.1593 302.2533 0000545 168.0232 192.0786 15.39590180  9673
STARLINK-32723          
1 62449U 24251T   25054.91168958  .00007690  00000+0  20221-3 0  9993
2 62449  53.1590 301.9472 0000543 166.3963 193.7057 15.39590975  9691
STARLINK-32723          
1 62449U 24251T   25054.97659530  .00001240  00000+0  40970-4 0  9999
2 62449  53.1595 301.6410 0001122 107.6100 252.5027 15.39617850  9693
STARLINK-32723          
1 62449U 24251T   25055.36608491  .00000627  00000+0  25645-4 0  9993
2 62449  53.1586 299.8060 0001021 101.4926 258.6194 15.39616851  9768
STARLINK-32723          
1 62449U 24251T   25056.08013990  .00000664  00000+0  26570-4 0  9996
2 62449  53.1580 296.4412 0001108  75.6323 284.4804 15.39625025  9864
STARLINK-32723          
1 62449U 24251T   25056.08013990  .00000664  00000+0  26570-4 0  9996
2 62449  53.1580 296.4412 0001108  75.6323 284.4804 15.39625025  9875
STARLINK-32723          
1 62449U 24251T   25056.92404393 -.00002031  00000+0 -40832-4 0  9999
2 62449  53.1579 292.4642 0000984  70.7905 289.3206 15.39602593 10009
STARLINK-32723          
1 62449U 24251T   25056.92404393 -.00002031  00000+0 -40832-4 0  9999
2 62449  53.1579 292.4642 0000984  70.7905 289.3206 15.39602593  9995
STARLINK-32723          
1 62449U 24251T   25057.37843640  .00000103  00000+0  12542-4 0  9994
2 62449  53.1581 290.3235 0000969  78.6440 281.4674 15.39616601 10064
STARLINK-32723          
1 62449U 24251T   25057.37843640  .00000103  00000+0  12542-4 0  9994
2 62449  53.1581 290.3235 0000969  78.6440 281.4674 15.39616601 10075
STARLINK-32723          
1 62449U 24251T   25057.89774717  .00000612  00000+0  25269-4 0  9994
2 62449  53.1567 287.8776 0000716  62.2172 297.8905 15.39622549 10145
STARLINK-32723          
1 62449U 24251T   25057.89774717  .00000612  00000+0  25269-4 0  9994
2 62449  53.1567 287.8776 0000716  62.2172 297.8905 15.39622549 10156
STARLINK-32723          
1 62449U 24251T   25058.61181159  .00002226  00000+0  65625-4 0  9990
2 62449  53.1568 284.5120 0000628  73.0698 287.0375 15.39608105 10254
STARLINK-32723          
1 62449U 24251T   25058.61181159  .00002226  00000+0  65625-4 0  9990
2 62449  53.1568 284.5120 0000628  73.0698 287.0375 15.39608105 10265
STARLINK-32723          
1 62449U 24251T   25059.32587354  .00003058  00000+0  86406-4 0  9990
2 62449  53.1572 281.1455 0000678  97.5157 262.5925 15.39610664 10374
STARLINK-32723          
1 62449U 24251T   25059.97501920  .00000841  00000+0  30994-4 0  9994
2 62449  53.1547 278.0849 0000837 102.9444 257.1655 15.39616191 10466
STARLINK-32723          
1 62449U 24251T   25060.29960027  .00003392  00000+0  94799-4 0  9995
2 62449  53.1555 276.5562 0000836  98.0670 262.0429 15.39599487 10524
STARLINK-32723          
1 62449U 24251T   25060.88382070  .00000963  00000+0  34054-4 0  9995
2 62449  53.1582 273.8022 0000737  90.3386 269.7704 15.39622691 10618
STARLINK-32723          
1 62449U 24251T   25061.59787859 -.00001890  00000+0 -37261-4 0  9993
2 62449  53.1577 270.4378 0000865  81.1603 278.9499 15.39632307 10721
STARLINK-32723          
1 62449U 24251T   25061.79263137 -.00000075  00000+0  80945-5 0  9994
2 62449  53.1569 269.5216 0000379  47.0967 313.0070 15.39611706 10744
STARLINK-32723          
1 62449U 24251T   25061.79263137 -.00000075  00000+0  80945-5 0  9994
2 62449  53.1569 269.5216 0000379  47.0967 313.0070 15.39611706 10755
STARLINK-32723          
1 62449U 24251T   25062.83126194  .00000492  00000+0  22275-4 0  9994
2 62449  53.1588 264.6281 0000964  90.3342 269.7773 15.39622594 10903
STARLINK-32723          
1 62449U 24251T   25062.83126194  .00000492  00000+0  22275-4 0  9994
2 62449  53.1588 264.6281 0000964  90.3342 269.7773 15.39622594 10914
STARLINK-32723          
1 62449U 24251T   25063.28565555  .00001636  00000+0  50856-4 0  9999
2 62449  53.1593 262.4860 0001136  80.9650 279.1483 15.39631961 10975
STARLINK-32723          
1 62449U 24251T   25063.28565555  .00001636  00000+0  50856-4 0  9999
2 62449  53.1593 262.4860 0001136  80.9650 279.1483 15.39631961 10986
STARLINK-32723          
1 62449U 24251T   25063.80497644  .00001660  00000+0  51465-4 0  9994
2 62449  53.1600 260.0398 0001072  85.7444 274.3684 15.39620473 11053
STARLINK-32723          
1 62449U 24251T   25063.80497644  .00001660  00000+0  51465-4 0  9994
2 62449  53.1600 260.0398 0001072  85.7444 274.3684 15.39620473 11064
STARLINK-32723          
1 62449U 24251T   25064.25939155  .00000467  00000+0  21658-4 0  9997
2 62449  53.1593 257.8986 0001010  85.8006 274.3114 15.39607994 11127
STARLINK-32723          
1 62449U 24251T   25064.77870146 -.00000638  00000+0 -59676-5 0  9992
2 62449  53.1583 255.4509 0000967  82.3767 277.7348 15.39622828 11205
STARLINK-32723          
1 62449U 24251T   25064.84361496 -.00000478  00000+0 -19670-5 0  9995
2 62449  53.1585 255.1461 0001043  77.7178 282.3944 15.39624646 11227
STARLINK-32723          
1 62449U 24251T   25065.23310093  .00003815  00000+0  10531-3 0  9997
2 62449  53.1576 253.3090 0000918  93.6355 266.4755 15.39615478 11281
STARLINK-32723          
1 62449U 24251T   25065.68750019  .00000637  00000+0  25901-4 0  9999
2 62449  53.1579 251.1688 0000869  84.8152 275.2952 15.39622067 11352
STARLINK-32723          
1 62449U 24251T   25066.46648379  .00002082  00000+0  62031-4 0  9992
2 62449  53.1582 247.4984 0000959  87.2688 272.8427 15.39608566 11464
STARLINK-32723          
1 62449U 24251T   25066.46648379  .00002082  00000+0  62031-4 0  9992
2 62449  53.1582 247.4984 0000959  87.2688 272.8427 15.39608566 11475
STARLINK-32723          
1 62449U 24251T   25066.79105164 -.00000190  00000+0  52306-5 0  9992
2 62449  53.1584 245.9696 0000916  87.6941 272.4169 15.39622535 11515
STARLINK-32723          
1 62449U 24251T   25066.79105164 -.00000190  00000+0  52306-5 0  9992
2 62449  53.1584 245.9696 0000916  87.6941 272.4169 15.39622535 11526
STARLINK-32723          
1 62449U 24251T   25067.76476535  .00000074  00000+0  11820-4 0  9998
2 62449  53.1592 241.3811 0000919  83.3729 276.7380 15.39624815 11675
STARLINK-32723          
1 62449U 24251T   25068.60867713 -.00000548  00000+0 -37434-5 0  9992
2 62449  53.1578 237.4021 0000787  65.8042 294.3045 15.39597300 11801
STARLINK-32723          
1 62449U 24251T   25068.73851995 -.00004161  00000+0 -94215-4 0  9995
2 62449  53.1590 236.7919 0000906  73.6382 286.4722 15.39587511 11818
STARLINK-32723          
1 62449U 24251T   25068.86835146 -.00004282  00000+0 -97252-4 0  9997
2 62449  53.1589 236.1795 0000870  77.5020 282.6082 15.39587076 11840
STARLINK-32723          
1 62449U 24251T   25069.45255256  .00000857  00000+0  31394-4 0  9998
2 62449  53.1590 233.4280 0001439  93.7122 266.4047 15.39625253 11926
STARLINK-32723          
1 62449U 24251T   25069.45255256  .00000857  00000+0  31394-4 0  9998
2 62449  53.1590 233.4280 0001439  93.7122 266.4047 15.39625253 11937
STARLINK-32723          
1 62449U 24251T   25069.84202089  .00004752  00000+0  12861-3 0  9992
2 62449  53.1591 231.5901 0000927  77.8304 282.2804 15.39640437 11986
STARLINK-32723          
1 62449U 24251T   25069.84202089  .00004752  00000+0  12861-3 0  9992
2 62449  53.1591 231.5901 0000927  77.8304 282.2804 15.39640437 11997
STARLINK-32723          
1 62449U 24251T   25070.16660081  .00003334  00000+0  93261-4 0  9998
2 62449  53.1596 230.0604 0000867  84.9464 275.1639 15.39628672 12035
STARLINK-32723          
1 62449U 24251T   25070.16660081  .00003334  00000+0  93261-4 0  9998
2 62449  53.1596 230.0604 0000867  84.9464 275.1639 15.39628672 12046
STARLINK-32723          
1 62449U 24251T   25070.81576047  .00003635  00000+0  10084-3 0  9993
2 62449  53.1593 227.0043 0000727  85.4678 274.6410 15.39605236 12136
STARLINK-32723          
1 62449U 24251T   25070.81576047  .00003635  00000+0  10084-3 0  9993
2 62449  53.1593 227.0043 0000727  85.4678 274.6410 15.39605236 12147
STARLINK-32723          
1 62449U 24251T   25071.46489420 -.00001600  00000+0 -30012-4 0  9999
2 62449  53.1591 223.9485 0000813  59.3503 300.7582 15.39639722 12231
STARLINK-32723          
1 62449U 24251T   25071.59474264 -.00004282  00000+0 -97161-4 0  9990
2 62449  53.1585 223.3393 0000902  60.6827 299.4268 15.39613671 12262
STARLINK-32723          
1 62449U 24251T   25071.72457155 -.00004211  00000+0 -95364-4 0  9990
2 62449  53.1587 222.7278 0001018  46.5788 313.5302 15.39614495 12270
STARLINK-32723          
1 62449U 24251T   25071.72457155 -.00004211  00000+0 -95364-4 0  9990
2 62449  53.1587 222.7278 0001018  46.5788 313.5302 15.39614495 12281
STARLINK-32723          
1 62449U 24251T   25072.43860223  .00001492  00000+0  47250-4 0  9990
2 62449  53.1580 219.3609 0000800  77.9851 282.1243 15.39633076 12383
STARLINK-32723          
1 62449U 24251T   25072.63337887 -.00003798  00000+0 -85090-4 0  9994
2 62449  53.1586 218.4456 0001087  49.5869 310.5230 15.39594565 12427
STARLINK-32723          
1 62449U 24251T   25072.69829561 -.00003234  00000+0 -70976-4 0  9997
2 62449  53.1590 218.1373 0000858  71.3633 288.7465 15.39593022 12427
STARLINK-32723          
1 62449U 24251T   25072.69829561 -.00003234  00000+0 -70976-4 0  9997
2 62449  53.1590 218.1373 0000858  71.3633 288.7465 15.39593022 12438
STARLINK-32723          
1 62449U 24251T   25073.60707485 -.00001675  00000+0 -31882-4 0  9999
2 62449  53.1597 213.8528 0001101  64.4218 295.6901 15.39630881 12575
STARLINK-32723          
1 62449U 24251T   25073.67198830 -.00001420  00000+0 -25508-4 0  9990
2 62449  53.1592 213.5467 0001303  72.1300 287.9847 15.39631252 12588
STARLINK-32723          
1 62449U 24251T   25074.51589662 -.00004030  00000+0 -90858-4 0  9991
2 62449  53.1596 209.5726 0001193  78.1729 281.9410 15.39607248 12705
STARLINK-32723          
1 62449U 24251T   25074.64571650 -.00006196  00000+0 -14500-3 0  9997
2 62449  53.1595 208.9562 0001370 112.4493 247.6658 15.39626232 12732
STARLINK-32723          
1 62449U 24251T   25074.77553895 -.00004478  00000+0 -10200-3 0  9996
2 62449  53.1589 208.3448 0001090  97.5870 262.5258 15.39632354 12748
STARLINK-32723          
1 62449U 24251T   25074.77553895 -.00004478  00000+0 -10200-3 0  9996
2 62449  53.1589 208.3448 0001090  97.5870 262.5258 15.39632354 12759
STARLINK-32723          
1 62449U 24251T   25075.55452970 -.00000751  00000+0 -87890-5 0  9996
2 62449  53.1599 204.6771 0001404  83.9846 276.1319 15.39608979 12866
STARLINK-32723          
1 62449U 24251T   25075.61945475 -.00002827  00000+0 -60747-4 0  9997
2 62449  53.1597 204.3691 0001534  87.5336 272.5845 15.39597113 12872
STARLINK-32723          
1 62449U 24251T   25075.61945475 -.00002827  00000+0 -60747-4 0  9997
2 62449  53.1597 204.3691 0001534  87.5336 272.5845 15.39597113 12883
STARLINK-32723          
1 62449U 24251T   25076.07382988  .00001487  00000+0  47135-4 0  9997
2 62449  53.1599 202.2300 0001445  93.4464 266.6706 15.39627963 12942
STARLINK-32723          
1 62449U 24251T   25076.52821576  .00004654  00000+0  12621-3 0  9998
2 62449  53.1605 200.0848 0000955 130.7402 229.3686 15.39632957 13016
STARLINK-32723          
1 62449U 24251T   25076.59314693  .00003126  00000+0  88132-4 0  9996
2 62449  53.1594 199.7838 0001407  97.1590 262.9575 15.39613615 13035
STARLINK-32723          
1 62449U 24251T   25076.65806193  .00003152  00000+0  88768-4 0  9998
2 62449  53.1593 199.4787 0001248  78.2909 281.8236 15.39613972 13031
STARLINK-32723          
1 62449U 24251T   25076.65806193  .00003152  00000+0  88768-4 0  9998
2 62449  53.1593 199.4787 0001248  78.2909 281.8236 15.39613972 13042
STARLINK-32723          
1 62449U 24251T   25077.50196803  .00001410  00000+0  45253-4 0  9990
2 62449  53.1597 195.4985 0001406 103.9534 256.1628 15.39598220 13169
STARLINK-32723          
1 62449U 24251T   25077.56690531 -.00002809  00000+0 -60376-4 0  9991
2 62449  53.1593 195.1926 0001734 126.0609 234.0557 15.39568567 13189
STARLINK-32723          
1 62449U 24251T   25077.69673459 -.00002711  00000+0 -57903-4 0  9999
2 62449  53.1584 194.5832 0001513 113.8074 246.3090 15.39574394 13197
STARLINK-32723          
1 62449U 24251T   25077.69673459 -.00002711  00000+0 -57903-4 0  9999
2 62449  53.1584 194.5832 0001513 113.8074 246.3090 15.39574394 13209
STARLINK-32723          
1 62449U 24251T   25078.47566889 -.00003499  00000+0 -77459-4 0  9996
2 62449  53.1595 190.9154 0001283  88.8915 271.2237 15.39642924 13314
STARLINK-32723          
1 62449U 24251T   25078.54058332 -.00003469  00000+0 -76734-4 0  9995
2 62449  53.1594 190.6093 0001269  88.5174 271.5976 15.39641920 13330
STARLINK-32723          
1 62449U 24251T   25079.44938970  .00006476  00000+0  17184-3 0  9992
2 62449  53.1589 186.3265 0001154 125.0081 235.1032 15.39604165 13467
STARLINK-32723          
1 62449U 24251T   25079.51432024  .00003613  00000+0  10036-3 0  9998
2 62449  53.1584 186.0153 0000964  95.3840 264.7275 15.39586498 13471
STARLINK-32723          
1 62449U 24251T   25079.51432024  .00003613  00000+0  10036-3 0  9998
2 62449  53.1584 186.0153 0000964  95.3840 264.7275 15.39586498 13482
STARLINK-32723          
1 62449U 24251T   25080.48798858  .00008371  00000+0  21857-3 0  9995
2 62449  53.1595 181.4314 0001201 104.2976 255.8162 15.39683039 13628
STARLINK-32723          
1 62449U 24251T   25080.55289343  .00009660  00000+0  25059-3 0  9997
2 62449  53.1595 181.1260 0001441 116.7180 243.3973 15.39692935 13634
STARLINK-32723          
1 62449U 24251T   25080.55289343  .00009660  00000+0  25059-3 0  9997
2 62449  53.1595 181.1260 0001441 116.7180 243.3973 15.39692935 13645
STARLINK-32723          
1 62449U 24251T   25081.52667821  .00001491  00000+0  47317-4 0  9992
2 62449  53.1599 176.5402 0001547  93.7831 266.3351 15.39582318 13782
STARLINK-32723          
1 62449U 24251T   25081.52667821  .00001491  00000+0  47317-4 0  9992
2 62449  53.1599 176.5402 0001547  93.7831 266.3351 15.39582318 13793
STARLINK-32723          
1 62449U 24251T   25081.59160276 -.00000188  00000+0  52945-5 0  9998
2 62449  53.1600 176.2316 0001270 101.0381 259.0767 15.39570159 13793
STARLINK-32723          
1 62449U 24251T   25081.59160276 -.00000188  00000+0  52945-5 0  9998
2 62449  53.1600 176.2316 0001270 101.0381 259.0767 15.39570159 13805
STARLINK-32723          
1 62449U 24251T   25082.50041687 -.00005595  00000+0 -13006-3 0  9995
2 62449  53.1572 171.9475 0001036  98.0414 262.0708 15.39607501 13938
STARLINK-32723          
1 62449U 24251T   25082.56533441 -.00005499  00000+0 -12766-3 0  9990
2 62449  53.1590 171.6446 0001465  84.7094 275.4078 15.39604332 13954
STARLINK-32723          
1 62449U 24251T   25082.95478167 -.00005745  00000+0 -13358-3 0  9998
2 62449  53.1595 169.8094 0001619 114.6828 245.4345 15.39654708 14009
STARLINK-32723          
1 62449U 24251T   25083.47411744  .00004045  00000+0  11116-3 0  9994
2 62449  53.1578 167.3593 0001150  81.8892 278.2243 15.39591148 14080
STARLINK-32723          
1 62449U 24251T   25083.60393486  .00006693  00000+0  17726-3 0  9995
2 62449  53.1599 166.7489 0001196 112.0720 248.0412 15.39602009 14102
STARLINK-32723          
1 62449U 24251T   25083.60393486  .00006693  00000+0  17726-3 0  9995
2 62449  53.1599 166.7489 0001196 112.0720 248.0412 15.39602009 14113
STARLINK-32723          
1 62449U 24251T   25083.92851649  .00005842  00000+0  15602-3 0  9996
2 62449  53.1594 165.2178 0001442 107.3660 252.7503 15.39598536 14157
STARLINK-32723          
1 62449U 24251T   25083.92851649  .00005842  00000+0  15602-3 0  9996
2 62449  53.1594 165.2178 0001442 107.3660 252.7503 15.39598536 14168
STARLINK-32723          
1 62449U 24251T   25084.90224195  .00000885  00000+0  32112-4 0  9993
2 62449  53.1593 160.6296 0001153 102.0095 258.1039 15.39608801 14318
STARLINK-32723          
1 62449U 24251T   25085.22679991 -.00003050  00000+0 -66279-4 0  9997
2 62449  53.1584 159.0981 0000761 110.2886 249.8200 15.39636581 14351
STARLINK-32723          
1 62449U 24251T   25085.48645655  .00002323  00000+0  68025-4 0  9996
2 62449  53.1578 157.8792 0001222 101.9637 258.1505 15.39621119 14402
STARLINK-32723          
1 62449U 24251T   25086.46018937  .00000270  00000+0  16747-4 0  9995
2 62449  53.1583 153.2871 0001188 103.7346 256.3791 15.39594998 14540
STARLINK-32723          
1 62449U 24251T   25086.46018937  .00000270  00000+0  16747-4 0  9995
2 62449  53.1583 153.2871 0001188 103.7346 256.3791 15.39594998 14551
STARLINK-32723          
1 62449U 24251T   25087.17424841 -.00000373  00000+0  64966-6 0  9992
2 62449  53.1594 149.9214 0000816  88.9823 271.1275 15.39606172 14658
STARLINK-32723          
1 62449U 24251T   25087.43390475  .00000742  00000+0  28532-4 0  9992
2 62449  53.1602 148.7014 0001365 103.7454 256.3702 15.39609360 14695
STARLINK-32723          
1 62449U 24251T   25087.43390475  .00000742  00000+0  28532-4 0  9992
2 62449  53.1602 148.7014 0001365 103.7454 256.3702 15.39609360 14707
STARLINK-32723          
1 62449U 24251T   25087.88829819 -.00001028  00000+0 -15720-4 0  9995
2 62449  53.1611 146.5616 0001412  97.3285 262.7881 15.39629206 14771
STARLINK-32723          
1 62449U 24251T   25088.14795291  .00000400  00000+0  19982-4 0  9996
2 62449  53.1602 145.3370 0001413  85.3341 274.7825 15.39632165 14809
STARLINK-32723          
1 62449U 24251T   25088.34268406  .00006849  00000+0  18097-3 0  9999
2 62449  53.1591 144.4189 0001865 103.1494 256.9719 15.39633083 14830
STARLINK-32723          
1 62449U 24251T   25088.34268406  .00006849  00000+0  18097-3 0  9999
2 62449  53.1591 144.4189 0001865 103.1494 256.9719 15.39633083 14841
STARLINK-32723          
1 62449U 24251T   25088.86201946  .00002105  00000+0  62605-4 0  9998
2 62449  53.1601 141.9723 0001318  99.0773 261.0381 15.39613939 14913
STARLINK-32723          
1 62449U 24251T   25089.38135801 -.00001275  00000+0 -21903-4 0  9997
2 62449  53.1604 139.5232 0001616 106.2701 253.8482 15.39597592 14992
STARLINK-32723          
1 62449U 24251T   25089.38135801 -.00001275  00000+0 -21903-4 0  9997
2 62449  53.1604 139.5232 0001616 106.2701 253.8482 15.39597592 15005
STARLINK-32723          
1 62449U 24251T   25090.09538866  .00000770  00000+0  29236-4 0  9999
2 62449  53.1576 136.1560 0001491 139.0641 221.0476 15.39629999 15106
STARLINK-32723          
1 62449U 24251T   25090.41996642 -.00004314  00000+0 -97927-4 0  9997
2 62449  53.1577 134.6311 0001148 111.4396 248.6731 15.39619246 15152
STARLINK-32723          
1 62449U 24251T   25090.41996642 -.00004314  00000+0 -97927-4 0  9997
2 62449  53.1577 134.6311 0001148 111.4396 248.6731 15.39619246 15163
STARLINK-32723          
1 62449U 24251T   25090.80944783 -.00000415  00000+0 -39621-6 0  9996
2 62449  53.1590 132.7916 0001146  81.5534 278.5601 15.39629349 15216
STARLINK-32723          
1 62449U 24251T   25091.39368660 -.00000677  00000+0 -69566-5 0  9995
2 62449  53.1572 130.0412 0001226 130.0040 230.1073 15.39615561 15307
STARLINK-32723          
1 62449U 24251T   25091.39368660 -.00000677  00000+0 -69566-5 0  9995
2 62449  53.1572 130.0412 0001226 130.0040 230.1073 15.39615561 15318
STARLINK-32723          
1 62449U 24251T   25092.49723073  .00003948  00000+0  10861-3 0  9994
2 62449  53.1579 124.8417 0001557 100.8118 259.3062 15.39626491 15471
STARLINK-32723          
1 62449U 24251T   25092.49723073  .00003948  00000+0  10861-3 0  9994
2 62449  53.1579 124.8417 0001557 100.8118 259.3062 15.39626491 15482
STARLINK-32723          
1 62449U 24251T   25093.08145148  .00007405  00000+0  19477-3 0  9995
2 62449  53.1586 122.0889 0001129  86.7349 273.3785 15.39643356 15562
STARLINK-32723          
1 62449U 24251T   25093.47094608 -.00004076  00000+0 -91989-4 0  9994
2 62449  53.1582 120.2547 0001289  67.2235 292.8906 15.39613250 15622
STARLINK-32723          
1 62449U 24251T   25093.47094608 -.00004076  00000+0 -91989-4 0  9994
2 62449  53.1582 120.2547 0001289  67.2235 292.8906 15.39613250 15633
STARLINK-32723          
1 62449U 24251T   25094.37975305  .00008365  00000+0  21884-3 0  9995
2 62449  53.1591 115.9719 0001494  65.6911 294.4250 15.39624099 15763
STARLINK-32723          
1 62449U 24251T   25094.37975305  .00008365  00000+0  21884-3 0  9995
2 62449  53.1591 115.9719 0001494  65.6911 294.4250 15.39624099 15774
STARLINK-32723          
1 62449U 24251T   25094.76923975  .00007949  00000+0  20843-3 0  9995
2 62449  53.1600 114.1361 0001531  72.9299 287.1873 15.39629344 15836
STARLINK-32723          
1 62449U 24251T   25095.22363954  .00003099  00000+0  87408-4 0  9995
2 62449  53.1588 111.9918 0001058  84.2307 275.8818 15.39625632 15899
STARLINK-32723          
1 62449U 24251T   25095.35347313 -.00001424  00000+0 -25622-4 0  9992
2 62449  53.1588 111.3840 0001353  84.6725 275.4434 15.39613949 15914
STARLINK-32723          
1 62449U 24251T   25095.74296186  .00000491  00000+0  22265-4 0  9997
2 62449  53.1589 109.5480 0001348  85.6578 274.4581 15.39616452 15986
STARLINK-32723          
1 62449U 24251T   25096.39210907  .00004858  00000+0  13135-3 0  9992
2 62449  53.1585 106.4883 0001299  85.9954 274.1199 15.39620628 16074
STARLINK-32723          
1 62449U 24251T   25096.39210907  .00004858  00000+0  13135-3 0  9992
2 62449  53.1585 106.4883 0001299  85.9954 274.1199 15.39620628 16085
STARLINK-32723          
1 62449U 24251T   25097.30091014 -.00001197  00000+0 -19953-4 0  9990
2 62449  53.1580 102.2041 0001332  60.7515 299.3623 15.39616052 16214
STARLINK-32723          
1 62449U 24251T   25097.30091014 -.00001197  00000+0 -19953-4 0  9990
2 62449  53.1580 102.2041 0001332  60.7515 299.3623 15.39616052 16225
STARLINK-32723          
1 62449U 24251T   25098.14479139  .00011283  00000+0  29143-3 0  9997
2 62449  53.1577  98.2281 0001260  65.5119 294.6017 15.39641611 16341
STARLINK-32723          
1 62449U 24251T   25098.40445253 -.00004913  00000+0 -11297-3 0  9991
2 62449  53.1581  97.0054 0001238  86.7838 273.3309 15.39604040 16386
STARLINK-32723          
1 62449U 24251T   25098.40445253 -.00004913  00000+0 -11297-3 0  9991
2 62449  53.1581  97.0054 0001238  86.7838 273.3309 15.39604040 16397
STARLINK-32723          
1 62449U 24251T   25099.24834638  .00021355  00000+0  54213-3 0  9995
2 62449  53.1585  93.0313 0001182  85.3219 274.7920 15.39632955 16515
STARLINK-32723          
1 62449U 24251T   25099.37817394  .00023101  00000+0  58536-3 0  9992
2 62449  53.1586  92.4197 0001337  88.2558 271.8600 15.39640753 16540
STARLINK-32723          
1 62449U 24251T   25099.70274591  .00012628  00000+0  32503-3 0  9993
2 62449  53.1580  90.8870 0001518  92.5184 267.5994 15.39631206 16583
STARLINK-32723          
1 62449U 24251T   25099.70274591  .00012628  00000+0  32503-3 0  9993
2 62449  53.1580  90.8870 0001518  92.5184 267.5994 15.39631206 16594
STARLINK-32723          
1 62449U 24251T   25100.35189602 -.00000660  00000+0 -65208-5 0  9990
2 62449  53.1582  87.8309 0001336  77.0318 283.0836 15.39612242 16681
STARLINK-32723          
1 62449U 24251T   25100.35189602 -.00000660  00000+0 -65208-5 0  9990
2 62449  53.1582  87.8309 0001336  77.0318 283.0836 15.39612242 16692
STARLINK-32723          
1 62449U 24251T   25100.93613092  .00019751  00000+0  50246-3 0  9992
2 62449  53.1589  85.0755 0001177  73.4978 286.6156 15.39621276 16779
STARLINK-32723          
1 62449U 24251T   25101.32561782  .00013389  00000+0  34408-3 0  9997
2 62449  53.1595  83.2408 0000910  86.0763 274.0346 15.39623719 16830
STARLINK-32723          
1 62449U 24251T   25101.65018983  .00009775  00000+0  25398-3 0  9995
2 62449  53.1590  81.7109 0001104  88.6633 271.4499 15.39627665 16896
STARLINK-32723          
1 62449U 24251T   25102.23441896  .00007192  00000+0  18955-3 0  9995
2 62449  53.1588  78.9584 0001286  83.5990 276.5162 15.39631313 16976
STARLINK-32723          
1 62449U 24251T   25102.29933327  .00006111  00000+0  16259-3 0  9991
2 62449  53.1591  78.6527 0001229  85.9884 274.1261 15.39630478 16996
STARLINK-32723          
1 62449U 24251T   25102.94847262  .00007177  00000+0  18911-3 0  9995
2 62449  53.1580  75.5926 0001150  83.0895 277.0241 15.39639169 17095
STARLINK-32723          
1 62449U 24251T   25103.20813637 -.00002929  00000+0 -63292-4 0  9999
2 62449  53.1590  74.3669 0001098 333.1697  26.9251 15.39611917 17124
STARLINK-32723          
1 62449U 24251T   25103.33796577 -.00001356  00000+0 -23920-4 0  9993
2 62449  53.1587  73.7587 0001366  84.2475 275.8685 15.39618183 17148
STARLINK-32723          
1 62449U 24251T   25103.33796577 -.00001356  00000+0 -23920-4 0  9993
2 62449  53.1587  73.7587 0001366  84.2475 275.8685 15.39618183 17159
STARLINK-32723          
1 62449U 24251T   25104.31168103  .00009493  00000+0  24689-3 0  9990
2 62449  53.1578  69.1705 0001305  82.2477 277.8676 15.39634186 17291
STARLINK-32723          
1 62449U 24251T   25104.31168103  .00009493  00000+0  24689-3 0  9990
2 62449  53.1578  69.1705 0001305  82.2477 277.8676 15.39634186 17303
STARLINK-32723          
1 62449U 24251T   25105.15557822  .00004201  00000+0  11494-3 0  9995
2 62449  53.1579  65.1936 0001237 104.5012 255.6130 15.39620340 17422
STARLINK-32723          
1 62449U 24251T   25105.60998084  .00006959  00000+0  18383-3 0  9990
2 62449  53.1590  63.0481 0001925 133.4836 226.6329 15.39616397 17500
STARLINK-32723          
1 62449U 24251T   25106.19421211  .00008920  00000+0  23267-3 0  9995
2 62449  53.1591  60.2966 0001337 123.4045 236.7087 15.39627055 17580
STARLINK-32723          
1 62449U 24251T   25106.58369930  .00008943  00000+0  23318-3 0  9999
2 62449  53.1599  58.4673 0001306  80.9101 279.2051 15.39634104 17652
STARLINK-32723          
1 62449U 24251T   25107.10301404 -.00009018  00000+0 -21573-3 0  9997
2 62449  53.1595  56.0226 0003027  24.1148 335.9998 15.39609597 17725
STARLINK-32723          
1 62449U 24251T   25107.10301404 -.00009018  00000+0 -21573-3 0  9997
2 62449  53.1595  56.0226 0003027  24.1148 335.9998 15.39609597 17736
STARLINK-32723          
1 62449U 24251T   25108.14164976 -.00007013  00000+0 -16561-3 0  9997
2 62449  53.1587  51.1319 0001415 151.7231 208.3850 15.39599236 17889
STARLINK-32723          
1 62449U 24251T   25109.05045620  .00007335  00000+0  19315-3 0  9997
2 62449  53.1594  46.8420 0001250  61.7145 298.3986 15.39626437 18022
STARLINK-32723          
1 62449U 24251T   25109.24519993  .00008049  00000+0  21092-3 0  9995
2 62449  53.1603  45.9287 0001201  63.3853 296.7275 15.39630606 18064
STARLINK-32723          
1 62449U 24251T   25110.08908451  .00004057  00000+0  11131-3 0  9998
2 62449  53.1599  41.9507 0001233 106.9312 253.1828 15.39628584 18184
STARLINK-32723          
1 62449U 24251T   25110.08908451  .00004057  00000+0  11131-3 0  9998
2 62449  53.1599  41.9507 0001233 106.9312 253.1828 15.39628584 18195
STARLINK-32723          
1 62449U 24251T   25111.06282070 -.00001099  00000+0 -17471-4 0  9998
2 62449  53.1604  37.3608 0002537  42.1151 318.0049 15.39606343 18334
STARLINK-32723          
1 62449U 24251T   25111.06282070 -.00001099  00000+0 -17471-4 0  9998
2 62449  53.1604  37.3608 0002537  42.1151 318.0049 15.39606343 18345
STARLINK-32723          
1 62449U 24251T   25111.77686451  .00009610  00000+0  24976-3 0  9999
2 62449  53.1603  34.0000 0001648  79.1733 280.9457 15.39642330 18449
STARLINK-32723          
1 62449U 24251T   25111.77686451  .00009610  00000+0  24976-3 0  9999
2 62449  53.1603  34.0000 0001648  79.1733 280.9457 15.39642330 18450
STARLINK-32723          
1 62449U 24251T   25112.10143934  .00004225  00000+0  11553-3 0  9995
2 62449  53.1602  32.4685 0000930 102.4208 257.6901 15.39622494 18498
STARLINK-32723          
1 62449U 24251T   25112.10143934  .00004225  00000+0  11553-3 0  9995
2 62449  53.1602  32.4685 0000930 102.4208 257.6901 15.39622494 18500
STARLINK-32723          
1 62449U 24251T   25112.94534867  .00008246  00000+0  21614-3 0  9992
2 62449  53.1607  28.4953 0001271 108.8849 251.2294 15.39585388 18637
STARLINK-32723          
1 62449U 24251T   25113.07516161  .00002425  00000+0  70541-4 0  9991
2 62449  53.1606  27.8779 0001238  70.7490 289.3649 15.39637070 18640
STARLINK-32723          
1 62449U 24251T   25113.91905471  .00003595  00000+0  99797-4 0  9993
2 62449  53.1604  23.9053 0001209  71.9937 288.1200 15.39622227 18780
STARLINK-32723          
1 62449U 24251T   25114.76294167 -.00001550  00000+0 -28743-4 0  9994
2 62449  53.1607  19.9268 0001876  70.4214 289.6993 15.39628755 18909
STARLINK-32723          
1 62449U 24251T   25114.76294167 -.00001550  00000+0 -28743-4 0  9994
2 62449  53.1607  19.9268 0001876  70.4214 289.6993 15.39628755 18910
STARLINK-32723          
1 62449U 24251T   25115.73666041  .00000321  00000+0  17990-4 0  9991
2 62449  53.1627  15.3382 0000795  31.0238 329.0814 15.39622506 19063
STARLINK-32723          
1 62449U 24251T   25115.99633645 -.00002588  00000+0 -54765-4 0  9993
2 62449  53.1603  14.1151 0001264  67.7144 292.3995 15.39599723 19091
STARLINK-32723          
1 62449U 24251T   25116.84022623 -.00000575  00000+0 -44034-5 0  9999
2 62449  53.1608  10.1363 0001370   7.1676 352.9349 15.39607211 19226
STARLINK-32723          
1 62449U 24251T   25116.97008351 -.00005004  00000+0 -11540-3 0  9991
2 62449  53.1607   9.5293 0000881  21.1803 338.9238 15.39572064 19243
STARLINK-32723          
1 62449U 24251T   25116.97008351 -.00005004  00000+0 -11540-3 0  9991
2 62449  53.1607   9.5293 0000881  21.1803 338.9238 15.39572064 19254
STARLINK-32723          
1 62449U 24251T   25117.87883493  .00006146  00000+0  16348-3 0  9996
2 62449  53.1604   5.2460 0001453  21.2456 338.8609 15.39627046 19387
STARLINK-32723          
1 62449U 24251T   25117.87883493  .00006146  00000+0  16348-3 0  9996
2 62449  53.1604   5.2460 0001453  21.2456 338.8609 15.39627046 19398
STARLINK-32723          
1 62449U 24251T   25118.39817169  .00001629  00000+0  50711-4 0  9995
2 62449  53.1607   2.7999 0001439  69.2301 290.8858 15.39610857 19468
STARLINK-32723          
1 62449U 24251T   25118.39817169  .00001629  00000+0  50711-4 0  9995
2 62449  53.1607   2.7999 0001439  69.2301 290.8858 15.39610857 19479
STARLINK-32723          
1 62449U 24251T   25121.90354442  .00000605  00000+0  25088-4 0  9998
2 62449  53.1611 346.2853 0001040  76.6819 283.4301 15.39625225 20000
STARLINK-32723          
1 62449U 24251T   25122.87726291  .00001018  00000+0  35429-4 0  9999
2 62449  53.1617 341.6956 0001114  66.6148 293.4974 15.39624003 20162
STARLINK-32723          
1 62449U 24251T   25123.00708956  .00001462  00000+0  46528-4 0  9998
2 62449  53.1615 341.0801 0001340  48.6546 311.4574 15.39626570 20175
STARLINK-32723          
1 62449U 24251T   25123.00708956  .00001462  00000+0  46528-4 0  9998
2 62449  53.1615 341.0801 0001340  48.6546 311.4574 15.39626570 20186
STARLINK-32723          
1 62449U 24251T   25123.85098977 -.00001382  00000+0 -24578-4 0  9990
2 62449  53.1616 337.0975 0001493 129.4758 230.6379 15.39614329 20304
STARLINK-32723          
1 62449U 24251T   25124.30539264 -.00000205  00000+0  48581-5 0  9993
2 62449  53.1619 334.9606 0001186  89.6663 270.4478 15.39615045 20381
STARLINK-32723          
1 62449U 24251T   25124.75978900  .00000690  00000+0  27236-4 0  9996
2 62449  53.1612 332.8218 0001120  88.6718 271.4415 15.39621989 20441
STARLINK-32723          
1 62449U 24251T   25124.88961349  .00000969  00000+0  34209-4 0  9996
2 62449  53.1615 332.2054 0001386 121.7722 238.3418 15.39626640 20460
STARLINK-32723          
1 62449U 24251T   25124.88961349  .00000969  00000+0  34209-4 0  9996
2 62449  53.1615 332.2054 0001386 121.7722 238.3418 15.39626640 20471
STARLINK-32723          
1 62449U 24251T   25125.79842275  .00001541  00000+0  48490-4 0  9997
2 62449  53.1619 327.9267 0001440  62.2303 297.8848 15.39620728 20600
STARLINK-32723          
1 62449U 24251T   25125.79842275  .00001541  00000+0  48490-4 0  9997
2 62449  53.1619 327.9267 0001440  62.2303 297.8848 15.39620728 20611
STARLINK-32723          
1 62449U 24251T   25126.25282816  .00000675  00000+0  26857-4 0  9998
2 62449  53.1610 325.7856 0001138  78.8018 281.3115 15.39615498 20671
STARLINK-32723          
1 62449U 24251T   25126.77212323 -.00014640  00000+0 -35594-3 0  9997
2 62449  53.1611 323.3383 0001841  64.2492 295.8703 15.39683541 20753
STARLINK-32723          
1 62449U 24251T   25126.83705762 -.00000890  00000+0 -12262-4 0  9998
2 62449  53.1614 323.0324 0001368  60.4552 299.6589 15.39623213 20762
STARLINK-32723          
1 62449U 24251T   25126.83705762 -.00000890  00000+0 -12262-4 0  9998
2 62449  53.1614 323.0324 0001368  60.4552 299.6589 15.39623213 20773
STARLINK-32723          
1 62449U 24251T   25127.81077221  .00000626  00000+0  25637-4 0  9994
2 62449  53.1607 318.4448 0000920  93.1469 266.9641 15.39616382 20925
STARLINK-32723          
1 62449U 24251T   25128.71957581  .00000287  00000+0  17151-4 0  9995
2 62449  53.1607 314.1661 0000895 100.9599 259.1506 15.39619332 21065
STARLINK-32723          
1 62449U 24251T   25128.78449023  .00000001  00000+0  99940-5 0  9990
2 62449  53.1610 313.8630 0000918  96.7277 263.3832 15.39621298 21065
STARLINK-32723          
1 62449U 24251T   25128.78449023  .00000001  00000+0  99940-5 0  9990
2 62449  53.1610 313.8630 0000918  96.7277 263.3832 15.39621298 21076
STARLINK-32723          
1 62449U 24251T   25129.75821535  .00000060  00000+0  11472-4 0  9998
2 62449  53.1619 309.2771 0001054  79.1300 280.9823 15.39614033 21214
STARLINK-32723          
1 62449U 24251T   25130.21260989  .00000920  00000+0  32971-4 0  9993
2 62449  53.1613 307.1281 0001236  96.3758 263.7387 15.39622663 21280
STARLINK-32723          
1 62449U 24251T   25130.47226508  .00000850  00000+0  31222-4 0  9990
2 62449  53.1621 305.9044 0001218  98.7732 261.3410 15.39627378 21335
STARLINK-32723          
1 62449U 24251T   25130.73191988  .00000943  00000+0  33545-4 0  9995
2 62449  53.1619 304.6829 0001216  96.8901 263.2243 15.39631116 21378
STARLINK-32723          
1 62449U 24251T   25131.44599745  .00000187  00000+0  14676-4 0  9991
2 62449  53.1615 301.3181 0002138  87.2885 272.8365 15.39613495 21470
STARLINK-32723          
1 62449U 24251T   25131.44599745  .00000187  00000+0  14676-4 0  9991
2 62449  53.1615 301.3181 0002138  87.2885 272.8365 15.39613495 21481
STARLINK-32723          
1 62449U 24251T   25131.70566136 -.00000580  00000+0 -45142-5 0  9990
2 62449  53.1625 300.0957 0001593  88.7230 271.3957 15.39606854 21519
STARLINK-32723          
1 62449U 24251T   25132.16005038  .00000218  00000+0  15428-4 0  9999
2 62449  53.1614 297.9545 0001315 104.9121 255.2029 15.39624335 21588
STARLINK-32723          
1 62449U 24251T   25132.48460869  .00002131  00000+0  63208-4 0  9996
2 62449  53.1605 296.4251 0001088  93.4896 266.6233 15.39639219 21630
STARLINK-32723          
1 62449U 24251T   25132.48460869  .00002131  00000+0  63208-4 0  9996
2 62449  53.1605 296.4251 0001088  93.4896 266.6233 15.39639219 21641
STARLINK-32723          
1 62449U 24251T   25132.87410526 -.00000301  00000+0  24466-5 0  9996
2 62449  53.1611 294.5865 0000921  96.3702 263.7408 15.39627183 21695
STARLINK-32723          
1 62449U 24251T   25132.87410526 -.00000301  00000+0  24466-5 0  9996
2 62449  53.1611 294.5865 0000921  96.3702 263.7408 15.39627183 21707
STARLINK-32723          
1 62449U 24251T   25133.45835126  .00003993  00000+0  10983-3 0  9994
2 62449  53.1608 291.8340 0000644  66.2506 293.8566 15.39594423 21788
STARLINK-32723          
1 62449U 24251T   25133.58818115  .00004277  00000+0  11693-3 0  9992
2 62449  53.1605 291.2204 0000651  62.3903 297.7168 15.39594863 21817
STARLINK-32723          
1 62449U 24251T   25133.71800456 -.00000019  00000+0  95018-5 0  9992
2 62449  53.1606 290.6087 0000841  77.2643 282.8455 15.39617848 21821
STARLINK-32723          
1 62449U 24251T   25133.71800456 -.00000019  00000+0  95018-5 0  9992
2 62449  53.1606 290.6087 0000841  77.2643 282.8455 15.39617848 21832
STARLINK-32723          
1 62449U 24251T   25134.56189173 -.00000822  00000+0 -10583-4 0  9998
2 62449  53.1613 286.6337 0001004  74.2135 285.8980 15.39622339 21969
STARLINK-32723          
1 62449U 24251T   25134.69172264  .00000709  00000+0  27719-4 0  9996
2 62449  53.1609 286.0216 0001216  68.8132 291.3003 15.39615662 21986
STARLINK-32723          
1 62449U 24251T   25135.40577761  .00004395  00000+0  11983-3 0  9997
2 62449  53.1608 282.6570 0001050  73.1659 286.9461 15.39610220 22084
STARLINK-32723          
1 62449U 24251T   25135.40577761  .00004395  00000+0  11983-3 0  9997
2 62449  53.1608 282.6570 0001050  73.1659 286.9461 15.39610220 22095
STARLINK-32723          
1 62449U 24251T   25136.70407447  .00000923  00000+0  33067-4 0  9995
2 62449  53.1617 276.5423 0001313  84.2663 275.8491 15.39617345 22280
STARLINK-32723          
1 62449U 24251T   25136.70407447  .00000923  00000+0  33067-4 0  9995
2 62449  53.1617 276.5423 0001313  84.2663 275.8491 15.39617345 22291
STARLINK-32723          
1 62449U 24251T   25137.35321585  .00002058  00000+0  61420-4 0  9990
2 62449  53.1615 273.4838 0001207  96.5490 263.5652 15.39619442 22395
STARLINK-32723          
1 62449U 24251T   25137.80760964  .00003102  00000+0  87476-4 0  9998
2 62449  53.1613 271.3440 0001252  92.4575 267.6573 15.39629073 22453
STARLINK-32723          
1 62449U 24251T   25137.80760964  .00003102  00000+0  87476-4 0  9998
2 62449  53.1613 271.3440 0001252  92.4575 267.6573 15.39629073 22464
STARLINK-32723          
1 62449U 24251T   25138.06729034 -.00001489  00000+0 -27245-4 0  9996
2 62449  53.1611 270.1200 0001475  99.8483 260.2689 15.39608719 22493
STARLINK-32723          
1 62449U 24251T   25138.52166576  .00001949  00000+0  58656-4 0  9992
2 62449  53.1610 267.9784 0000920 105.5013 254.6093 15.39635809 22565
STARLINK-32723          
1 62449U 24251T   25138.58657873  .00002239  00000+0  65909-4 0  9995
2 62449  53.1608 267.6738 0000951 105.9756 254.1353 15.39636762 22585
STARLINK-32723          
1 62449U 24251T   25138.65149149  .00002442  00000+0  70964-4 0  9998
2 62449  53.1603 267.3690 0000896 109.1728 250.9374 15.39638475 22598
STARLINK-32723          
1 62449U 24251T   25139.49541380 -.00003661  00000+0 -81653-4 0  9997
2 62449  53.1614 263.3911 0001024  74.7447 285.3671 15.39600687 22711
STARLINK-32723          
1 62449U 24251T   25139.56032851 -.00003533  00000+0 -78427-4 0  9996
2 62449  53.1613 263.0849 0001088  72.9127 287.1997 15.39601160 22732
STARLINK-32723          
1 62449U 24251T   25139.75506877 -.00003169  00000+0 -69310-4 0  9997
2 62449  53.1614 262.1631 0000760 103.4616 256.6474 15.39606212 22757
STARLINK-32723          
1 62449U 24251T   25140.46911456 -.00000808  00000+0 -10235-4 0  9999
2 62449  53.1613 258.8044 0000719  80.7446 279.3640 15.39625371 22864
STARLINK-32723          
1 62449U 24251T   25140.59894359 -.00000998  00000+0 -14986-4 0  9992
2 62449  53.1605 258.1931 0000717  84.9204 275.1883 15.39623705 22894
STARLINK-32723          
1 62449U 24251T   25141.05334032  .00022013  00000+0  55754-3 0  9998
2 62449  53.1612 256.0502 0000785  80.6388 279.4706 15.39684845 22954
STARLINK-32723          
1 62449U 24251T   25141.57266454 -.00004908  00000+0 -11275-3 0  9992
2 62449  53.1595 253.6011 0001329  91.5385 268.5772 15.39631179 23039
STARLINK-32723          
1 62449U 24251T   25142.48147286  .00031367  00000+0  79069-3 0  9996
2 62449  53.1598 249.3202 0001037 107.0948 253.0171 15.39629136 23188
STARLINK-32723          
1 62449U 24251T   25142.61130307  .00022331  00000+0  56641-3 0  9999
2 62449  53.1597 248.7109 0001089  85.6351 274.4779 15.39631879 23191
STARLINK-32723          
1 62449U 24251T   25143.45519160  .00033598  00000+0  84570-3 0  9999
2 62449  53.1602 244.7330 0001023  80.4803 279.6318 15.39638990 23325
STARLINK-32723          
1 62449U 24251T   25143.52010716  .00045983  00000+0  11520-2 0  9995
2 62449  53.1602 244.4278 0000892  76.6223 283.4881 15.39636434 23340
STARLINK-32723          
1 62449U 24251T   25143.97451041  .00047039  00000+0  11779-2 0  9994
2 62449  53.1597 242.2872 0001526  78.8056 281.3120 15.39640753 23401
STARLINK-32723          
1 62449U 24251T   25144.42891107  .00029869  00000+0  75351-3 0  9994
2 62449  53.1602 240.1454 0001124  95.5057 264.6076 15.39630693 23475
STARLINK-32723          
1 62449U 24251T   25144.49382645  .00019264  00000+0  49032-3 0  9998
2 62449  53.1602 239.8399 0001116  94.3993 265.7140 15.39622940 23497
STARLINK-32723          
1 62449U 24251T   25144.68857226  .00027058  00000+0  68376-3 0  9993
2 62449  53.1592 238.9254 0001195  49.3946 310.7162 15.39632173 23517
STARLINK-32723          
1 62449U 24251T   25144.68857226  .00027058  00000+0  68376-3 0  9993
2 62449  53.1592 238.9254 0001195  49.3946 310.7162 15.39632173 23528
STARLINK-32723          
1 62449U 24251T   25145.53245992  .00043014  00000+0  10794-2 0  9999
2 62449  53.1590 234.9445 0001280  86.5224 273.5927 15.39616385 23646
STARLINK-32723          
1 62449U 24251T   25145.53245992  .00043014  00000+0  10794-2 0  9999
2 62449  53.1590 234.9445 0001280  86.5224 273.5927 15.39616385 23657
STARLINK-32723          
1 62449U 24251T   25147.47989839  .00025711  00000+0  65059-3 0  9998
2 62449  53.1603 225.7693 0000399 349.3651  10.7345 15.39619038 23944
STARLINK-32723          
1 62449U 24251T   25147.47989839  .00025711  00000+0  65059-3 0  9998
2 62449  53.1603 225.7693 0000399 349.3651  10.7345 15.39619038 23955
STARLINK-32723          
1 62449U 24251T   25149.16767691  .00032144  00000+0  80983-3 0  9997
2 62449  53.1596 217.8152 0001188 117.2363 242.8762 15.39633586 24201
STARLINK-32723          
1 62449U 24251T   25149.16767691  .00032144  00000+0  80983-3 0  9997
2 62449  53.1596 217.8152 0001188 117.2363 242.8762 15.39633586 24212
STARLINK-32723          
1 62449U 24251T   25150.46596917  .00038999  00000+0  98074-3 0  9997
2 62449  53.1577 211.6986 0001162  72.8993 287.2139 15.39595658 24404
STARLINK-32723          
1 62449U 24251T   25150.46596917  .00038999  00000+0  98074-3 0  9997
2 62449  53.1577 211.6986 0001162  72.8993 287.2139 15.39595658 24415
STARLINK-32723          
1 62449U 24251T   25150.85546085  .00032283  00000+0  81377-3 0  9999
2 62449  53.1575 209.8642 0001147  75.4164 284.6968 15.39614718 24479
STARLINK-32723          
1 62449U 24251T   25151.18003333  .00030555  00000+0  77048-3 0  9990
2 62449  53.1581 208.3364 0001254  91.3655 268.7493 15.39632338 24511
STARLINK-32723          
1 62449U 24251T   25151.50460303  .00033520  00000+0  84363-3 0  9993
2 62449  53.1578 206.8045 0001038  80.0754 280.0368 15.39643923 24577
STARLINK-32723          
1 62449U 24251T   25152.54323783  .00099614  00000+0  24633-2 0  9997
2 62449  53.1585 201.9116 0001275  87.7624 272.3526 15.39676965 24722
STARLINK-32723          
1 62449U 24251T   25152.54323783  .00099614  00000+0  24633-2 0  9997
2 62449  53.1585 201.9116 0001275  87.7624 272.3526 15.39676965 24733
STARLINK-32723          
1 62449U 24251T   25152.86780999  .00050507  00000+0  12627-2 0  9996
2 62449  53.1589 200.3815 0001828  84.5120 275.6094 15.39658479 24776
STARLINK-32723          
1 62449U 24251T   25152.86780999  .00050507  00000+0  12627-2 0  9996
2 62449  53.1589 200.3815 0001828  84.5120 275.6094 15.39658479 24787
