STARLINK-32886          
1 62807U 25018B   25030.66671296 -.00908512  26296-3 -23771-2 0  9999
2 62807  53.1473  34.8265 0000707  81.3032 105.9464 15.94200723  2203
STARLINK-32886          
1 62807U 25018B   25031.25001157 -.00899783  25588-3 -24808-2 0  9992
2 62807  53.1470  31.8474 0000819 105.0891 190.6825 15.93210678  2290
STARLINK-32886          
1 62807U 25018B   25031.58334491 -.00941516  27617-3 -26745-2 0  9997
2 62807  53.1466  30.1461 0000751 110.8569 297.5342 15.92650505  2358
STARLINK-32886          
1 62807U 25018B   25031.91667824 -.00887404  24668-3 -26027-2 0  9994
2 62807  53.1475  28.4451 0001036 125.6541  34.6747 15.92026143  2396
STARLINK-32886          
1 62807U 25018B   25032.25002315 -.00929478  26669-3 -28097-2 0  9990
2 62807  53.1523  26.7521 0000985 100.9919 170.6094 15.91451340  2448
STARLINK-32886          
1 62807U 25018B   25032.75002315 -.00872216  00000+0 -30407-2 0  9997
2 62807  53.1481  24.2037 0001092 125.4855 131.5917 15.90537696  2524
STARLINK-32886          
1 62807U 25018B   25033.58335648 -.00920318  00000+0 -34925-2 0  9993
2 62807  53.1471  19.9723 0001007 117.0022 232.1252 15.88987940  2657
STARLINK-32886          
1 62807U 25018B   25033.91668981 -.00895680  00000+0 -35046-2 0  9997
2 62807  53.1473  18.2804 0001282 117.4962 339.1356 15.88323962  2711
STARLINK-32886          
1 62807U 25018B   25034.58335648 -.00956329  00000+0 -40220-2 0  9990
2 62807  53.1468  14.9064 0001124 112.2465 197.0184 15.87023103  2816
STARLINK-32886          
1 62807U 25018B   25034.83335648 -.00896892  00000+0 -38466-2 0  9995
2 62807  53.1468  13.6411 0001208 124.9082 173.2830 15.86486910  2863
STARLINK-32886          
1 62807U 25018B   25035.50001157 -.00978208  00000+0 -45219-2 0  9991
2 62807  53.1468  10.2766 0001057 106.2331  40.0993 15.85154467  2950
STARLINK-32886          
1 62807U 25018B   25035.58335648 -.00996339  00000+0 -46531-2 0  9997
2 62807  53.1470   9.8555 0001061 102.9198 159.2751 15.84988510  2983
STARLINK-32886          
1 62807U 25018B   25036.58336806 -.01035606  00000+0 -53760-2 0  9999
2 62807  53.1461   4.8196 0001180 101.4439 106.2588 15.82887541  3120
STARLINK-32886          
1 62807U 25018B   25036.58336806 -.01035606  00000+0 -53760-2 0  9999
2 62807  53.1461   4.8196 0001180 101.4439 106.2588 15.82887541  3142
STARLINK-32886          
1 62807U 25018B   25036.91670139 -.00986102  00000+0 -52725-2 0  9991
2 62807  53.1463   3.1436 0001079 110.4139 197.4022 15.82138575  3193
STARLINK-32886          
1 62807U 25018B   25037.58334491 -.01076764  00000+0 -61031-2 0  9998
2 62807  53.1464 359.7997 0001126 102.1514  43.1298 15.80710748  3305
STARLINK-32886          
1 62807U 25018B   25037.83336806 -.01001807  00000+0 -58974-2 0  9996
2 62807  53.1462 358.5462 0001168 114.0680  14.5479 15.80119711  3327
STARLINK-32886          
1 62807U 25018B   25037.91668981 -.01028521  00000+0 -61220-2 0  9997
2 62807  53.1463 358.1294 0001193 122.2570 120.5726 15.79951254  3354
STARLINK-32886          
1 62807U 25018B   25038.91667824 -.01073199  00000+0 -69808-2 0  9994
2 62807  53.1462 353.1316 0001070 116.8361  52.9702 15.77696683  3514
STARLINK-32886          
1 62807U 25018B   25039.25002315 -.01045316  00000+0 -70276-2 0  9991
2 62807  53.1468 351.4715 0000905  98.8950 164.8477 15.76899660  3558
STARLINK-32886          
1 62807U 25018B   25039.58334491 -.01079561  00000+0 -75327-2 0  9991
2 62807  53.1474 349.8098 0000734 106.7574 249.8475 15.76147287  3622
STARLINK-32886          
1 62807U 25018B   25039.83336806 -.01068072  00000+0 -76374-2 0  9999
2 62807  53.1481 348.5654 0000889 116.5331 219.2894 15.75566159  3645
STARLINK-32886          
1 62807U 25018B   25039.91668981 -.01100766  00000+0 -79605-2 0  9997
2 62807  53.1483 348.1515 0000892 108.9187 339.7496 15.75388000  3673
STARLINK-32886          
1 62807U 25018B   25040.25002315 -.00235587  00000+0 -16394-2 0  9994
2 62807  53.1493 346.4971 0000861  92.8996  86.8864 15.74332014  3702
STARLINK-32886          
1 62807U 25018B   25040.58335648 -.00012518  00000+0 -81375-4 0  9998
2 62807  53.1509 344.8408 0000909  98.7764 171.2103 15.74168445  3764
STARLINK-32886          
1 62807U 25018B   25040.91667824 -.00078022  00000+0 -53261-3 0  9993
2 62807  53.1533 343.1865 0001223  97.2504 262.7543 15.74221163  3835
STARLINK-32886          
1 62807U 25018B   25041.16668981  .00005299  00000+0  40511-4 0  9995
2 62807  53.1549 341.9474 0001378  92.0661 245.6099 15.74158257  3853
STARLINK-32886          
1 62807U 25018B   25041.58335648 -.01150794  00000+0 -87663-2 0  9993
2 62807  53.1577 339.8788 0001472 106.8929  73.3727 15.74319510  3916
STARLINK-32886          
1 62807U 25018B   25041.58335648 -.01150794  00000+0 -87663-2 0  9993
2 62807  53.1577 339.8788 0001472 106.8929  73.3727 15.74319510  3949
STARLINK-32886          
1 62807U 25018B   25041.83334491 -.01495597  00000+0 -11811-1 0  9990
2 62807  53.1590 338.6389 0001535 104.4501  53.1581 15.73790834  3954
STARLINK-32886          
1 62807U 25018B   25041.91668981 -.01614378  00000+0 -12742-1 0  9997
2 62807  53.1591 338.2263 0001392 109.8300 160.2342 15.73543938  3999
STARLINK-32886          
1 62807U 25018B   25042.16668981 -.01460249  00000+0 -12085-1 0  9991
2 62807  53.1596 336.9899 0001348  95.2986 151.3720 15.72635585  4017
STARLINK-32886          
1 62807U 25018B   25042.50002315 -.01556552  00000+0 -13303-1 0  9999
2 62807  53.1600 335.3404 0001046  98.7599 235.5094 15.71594012  4063
STARLINK-32886          
1 62807U 25018B   25042.58335648 -.01525537  00000+0 -13170-1 0  9996
2 62807  53.1603 334.9287 0001150  87.8059 358.1722 15.71300030  4106
STARLINK-32886          
1 62807U 25018B   25042.91667824 -.01561085  00000+0 -14144-1 0  9997
2 62807  53.1604 333.2845 0001328  94.5003  77.3866 15.70221167  4156
STARLINK-32886          
1 62807U 25018B   25043.16667824 -.01506702  00000+0 -14098-1 0  9998
2 62807  53.1605 332.0542 0001281  80.5817  64.9353 15.69353151  4165
STARLINK-32886          
1 62807U 25018B   25043.50001157 -.01581891  00000+0 -15562-1 0  9996
2 62807  53.1605 330.4130 0001086  96.5082 132.6524 15.68291062  4225
STARLINK-32886          
1 62807U 25018B   25043.58336806 -.01541592  00000+0 -15311-1 0  9992
2 62807  53.1604 330.0026 0000803  92.0243 247.9856 15.67986268  4260
STARLINK-32886          
1 62807U 25018B   25043.91668981 -.01584995  00000+0 -16521-1 0  9999
2 62807  53.1603 328.3664 0000898  86.5565 335.3680 15.66892993  4319
STARLINK-32886          
1 62807U 25018B   25044.25001157 -.01513544  00000+0 -16451-1 0  9997
2 62807  53.1597 326.7334 0001106  70.1570  72.3583 15.65722889  4332
STARLINK-32886          
1 62807U 25018B   25044.58336806 -.01553649  00000+0 -17720-1 0  9995
2 62807  53.1596 325.0995 0000958  87.9535 133.9869 15.64607395  4397
STARLINK-32886          
1 62807U 25018B   25044.91668981 -.01602556  00000+0 -19181-1 0  9999
2 62807  53.1596 323.4712 0000818  85.2579 214.5369 15.63498377  4477
STARLINK-32886          
1 62807U 25018B   25045.16668981 -.01541259  00000+0 -19019-1 0  9999
2 62807  53.1597 322.2524 0000905  75.8219 191.5301 15.62602214  4486
STARLINK-32886          
1 62807U 25018B   25045.50002315 -.01599627  00000+0 -20719-1 0  9991
2 62807  53.1598 320.6261 0000710  90.6210 252.2519 15.61489687  4535
STARLINK-32886          
1 62807U 25018B   25045.58335648 -.01553955  00000+0 -20301-1 0  9998
2 62807  53.1597 320.2201 0000864  92.3534 359.1954 15.61173579  4587
STARLINK-32886          
1 62807U 25018B   25045.91668981 -.01621444  00000+0 -22240-1 0  9997
2 62807  53.1598 318.5999 0001091  84.7550  80.5886 15.60057375  4637
STARLINK-32886          
1 62807U 25018B   25046.16667824 -.01552731  00000+0 -21934-1 0  9991
2 62807  53.1597 317.3872 0001069  69.5291  60.1992 15.59146893  4635
STARLINK-32886          
1 62807U 25018B   25046.50002315 -.01633621  00000+0 -23778-1 0  9993
2 62807  53.1596 315.7693 0001021  92.2698 108.8850 15.58017154  4683
STARLINK-32886          
1 62807U 25018B   25046.58336806 -.01575824  00000+0 -23562-1 0  9997
2 62807  53.1593 315.3653 0000778  91.0555 217.7955 15.57708034  4745
STARLINK-32886          
1 62807U 25018B   25047.16668981 -.01597693  00000+0 -25356-1 0  9995
2 62807  53.1589 312.5475 0000756  78.9753 260.7304 15.55653681  4797
STARLINK-32886          
1 62807U 25018B   25047.50002315 -.01637186  00000+0 -27191-1 0  9997
2 62807  53.1591 310.9380 0000720  92.3990 314.4630 15.54500680  4845
STARLINK-32886          
1 62807U 25018B   25047.58334491 -.01621673  00000+0 -27205-1 0  9998
2 62807  53.1589 310.5362 0000974  95.2194  58.1502 15.54197751  4905
STARLINK-32886          
1 62807U 25018B   25047.91668981 -.01665230  00000+0 -29236-1 0  9992
2 62807  53.1592 308.9334 0000988  87.4191 131.4056 15.53038577  4957
STARLINK-32886          
1 62807U 25018B   25048.25003472 -.01638360  00000+0 -29987-1 0  9995
2 62807  53.1592 307.3326 0000753  75.5879 207.2736 15.51844353  4965
STARLINK-32886          
1 62807U 25018B   25048.58335648 -.01410569  00000+0 -27076-1 0  9990
2 62807  53.1595 305.7322 0000855  96.5420 248.8297 15.50562892  5063
STARLINK-32886          
1 62807U 25018B   25048.83336806 -.00252884  00000+0 -46608-2 0  9991
2 62807  53.1598 304.5360 0001178  90.8772 210.5504 15.49469300  5055
STARLINK-32886          
1 62807U 25018B   25048.91668981 -.00058463  00000+0 -10500-2 0  9991
2 62807  53.1597 304.1380 0001134  88.3194 318.1717 15.49334851  5114
STARLINK-32886          
1 62807U 25018B   25049.25003472 -.00016384  00000+0 -28706-3 0  9991
2 62807  53.1595 302.5444 0001208  76.8029  29.9860 15.49316603  5117
STARLINK-32886          
1 62807U 25018B   25049.58335648  .00040168  00000+0  72700-3 0  9998
2 62807  53.1595 300.9488 0001095  95.9755  70.9799 15.49291520  5228
STARLINK-32886          
1 62807U 25018B   25049.91668981 -.00043508  00000+0 -77789-3 0  9999
2 62807  53.1596 299.3566 0001174  91.7025 135.4698 15.49333614  5270
STARLINK-32886          
1 62807U 25018B   25050.25002315  .00007307  00000+0  13929-3 0  9992
2 62807  53.1591 297.7628 0001088  89.5964 197.8131 15.49315276  5275
STARLINK-32886          
1 62807U 25018B   25050.58335648  .00001604  00000+0  36909-4 0  9994
2 62807  53.1592 296.1674 0001178  97.8917 249.7711 15.49300581  5386
STARLINK-32886          
1 62807U 25018B   25050.91670139  .00012936  00000+0  24036-3 0  9995
2 62807  53.1593 294.5753 0001241  86.8181 321.1240 15.49296929  5437
STARLINK-32886          
1 62807U 25018B   25051.25003472 -.00035919  00000+0 -64005-3 0  9991
2 62807  53.1590 292.9814 0001220  83.5775  24.5751 15.49338711  5420
STARLINK-32886          
1 62807U 25018B   25051.58334491  .00029171  00000+0  53078-3 0  9994
2 62807  53.1594 291.3861 0001238  96.7936  71.4803 15.49298258  5546
STARLINK-32886          
1 62807U 25018B   25051.91668981 -.00010742  00000+0 -18530-3 0  9995
2 62807  53.1598 289.7941 0001264  85.8595 142.7029 15.49315874  5534
STARLINK-32886          
1 62807U 25018B   25051.91668981 -.00010742  00000+0 -18530-3 0  9995
2 62807  53.1598 289.7941 0001264  85.8595 142.7029 15.49315874  5590
STARLINK-32886          
1 62807U 25018B   25052.06929910 -.00008356  00000+0 -14250-3 0  9997
2 62807  53.1602 289.0643 0001392  95.5454 264.5714 15.49275955  4657
STARLINK-32886          
1 62807U 25018B   25052.06929910 -.00008356  00000+0 -14250-3 0  9997
2 62807  53.1602 289.0643 0001392  95.5454 264.5714 15.49275955  5557
STARLINK-32886          
1 62807U 25018B   25052.90789403  .00000769  00000+0  21884-4 0  9991
2 62807  53.1605 285.0511 0001551 103.3815 256.7367 15.49309490  4789
STARLINK-32886          
1 62807U 25018B   25053.03689788  .00011121  00000+0  20749-3 0  9993
2 62807  53.1608 284.4343 0001704  81.9630 278.1572 15.49341191  5707
STARLINK-32886          
1 62807U 25018B   25053.35944157  .00005875  00000+0  11356-3 0  9995
2 62807  53.1608 282.8946 0001330  93.0965 267.0196 15.49323634  4854
STARLINK-32886          
1 62807U 25018B   25053.35944157  .00005875  00000+0  11356-3 0  9995
2 62807  53.1608 282.8946 0001330  93.0965 267.0196 15.49323634  5754
STARLINK-32886          
1 62807U 25018B   25054.32708417  .00004383  00000+0  86853-4 0  9998
2 62807  53.1610 278.2695 0003734  88.0694 272.0742 15.49305050  5902
STARLINK-32886          
1 62807U 25018B   25054.77877838 -.00027559  00000+0 -49191-3 0  9996
2 62807  53.1614 276.1084 0001169 174.2697 185.8325 15.49152715  5979
STARLINK-32886          
1 62807U 25018B   25054.90819710 -.00082822  00000+0 -15285-2 0  9996
2 62807  53.1617 275.4936 0001186 100.7350 259.3792 15.48715308  5099
STARLINK-32886          
1 62807U 25018B   25055.10197142 -.00110050  00000+0 -20579-2 0  9994
2 62807  53.1612 274.5706 0000871  39.1374 320.9697 15.48478389  6028
STARLINK-32886          
1 62807U 25018B   25055.58334491 -.01499035  00000+0 -33664-1 0  9998
2 62807  53.1594 272.2755 0001276 100.5180  63.6160 15.45787151  6094
STARLINK-32886          
1 62807U 25018B   25055.91668981 -.01504979  00000+0 -35110-1 0  9991
2 62807  53.1594 270.6935 0001195  90.5967 128.9471 15.44694332  6083
STARLINK-32886          
1 62807U 25018B   25056.25002315 -.01544620  00000+0 -37469-1 0  9998
2 62807  53.1594 269.1112 0000967  85.3854 188.1819 15.43636018  6200
STARLINK-32886          
1 62807U 25018B   25056.58334491 -.01500226  00000+0 -37662-1 0  9996
2 62807  53.1597 267.5314 0000928  95.0949 231.1333 15.42534835  6077
STARLINK-32886          
1 62807U 25018B   25056.91670139 -.01510317  00000+0 -39362-1 0  9996
2 62807  53.1596 265.9569 0000921  81.2529 296.5361 15.41444624  5636
STARLINK-32886          
1 62807U 25018B   25057.58336806  .00021632  00000+0  54944-3 0  9999
2 62807  53.1598 262.8101 0000880 103.3304  13.4631 15.39609463  6400
STARLINK-32886          
1 62807U 25018B   25057.91667824  .00046621  00000+0  11701-2 0  9991
2 62807  53.1596 261.2414 0000797  69.5371  95.7283 15.39575539  5795
STARLINK-32886          
1 62807U 25018B   25058.25002315 -.00041159  00000+0 -10238-2 0  9994
2 62807  53.1593 259.6695 0000790  73.8226 140.0435 15.39642807  6511
STARLINK-32886          
1 62807U 25018B   25058.58334491  .00039909  00000+0  10030-2 0  9991
2 62807  53.1593 258.0983 0000895  87.1205 175.2792 15.39604431  5904
STARLINK-32886          
1 62807U 25018B   25058.91668981  .00068654  00000+0  17116-2 0  9993
2 62807  53.1591 256.5295 0001020  71.2150 239.8334 15.39607757  5953
STARLINK-32886          
1 62807U 25018B   25058.91668981  .00068654  00000+0  17116-2 0  9993
2 62807  53.1591 256.5295 0001020  71.2150 239.8334 15.39607757  6617
STARLINK-32886          
1 62807U 25018B   25059.16667824 -.00065880  00000+0 -16480-2 0  9999
2 62807  53.1586 255.3506 0000941  67.3159 190.0943 15.39680405  6658
STARLINK-32886          
1 62807U 25018B   25059.58335648  .00014274  00000+0  36652-3 0  9994
2 62807  53.1590 253.3863 0000971 109.5129 298.7480 15.39589500  6067
STARLINK-32886          
1 62807U 25018B   25059.91668981  .00034915  00000+0  87968-3 0  9990
2 62807  53.1589 251.8175 0000905  92.8317   3.9930 15.39591212  6760
STARLINK-32886          
1 62807U 25018B   25060.58335648  .00020372  00000+0  51797-3 0  9999
2 62807  53.1593 248.6745 0000932 107.3134  86.6404 15.39616875  6870
STARLINK-32886          
1 62807U 25018B   25060.91670139  .00048852  00000+0  12242-2 0  9997
2 62807  53.1593 247.1054 0000875  89.6791 152.9398 15.39601917  5873
STARLINK-32886          
1 62807U 25018B   25061.00002315  .00068149  00000+0  16997-2 0  9995
2 62807  53.1591 246.7127 0000824  89.1110 255.5907 15.39598890  5883
STARLINK-32886          
1 62807U 25018B   25061.78177279  .00001635  00000+0  50840-4 0  9996
2 62807  53.1614 243.0271 0000528 107.0343 253.0720 15.39619679  7054
STARLINK-32886          
1 62807U 25018B   25061.91160276  .00001571  00000+0  49243-4 0  9994
2 62807  53.1615 242.4176 0000583 119.7761 240.3302 15.39617818  6177
STARLINK-32886          
1 62807U 25018B   25062.49584027  .00001872  00000+0  56780-4 0  9990
2 62807  53.1614 239.6637 0000397 114.4199 245.6847 15.39609300  6265
STARLINK-32886          
1 62807U 25018B   25062.49584027  .00001872  00000+0  56780-4 0  9990
2 62807  53.1614 239.6637 0000397 114.4199 245.6847 15.39609300  7165
STARLINK-32886          
1 62807U 25018B   25062.75549778  .00000344  00000+0  18563-4 0  9993
2 62807  53.1620 238.4401 0000765  81.9601 278.1490 15.39616086  6302
STARLINK-32886          
1 62807U 25018B   25063.46955043  .00001316  00000+0  42881-4 0  9998
2 62807  53.1631 235.0753 0001010  86.0653 274.0467 15.39621168  6412
STARLINK-32886          
1 62807U 25018B   25063.46955043  .00001316  00000+0  42881-4 0  9998
2 62807  53.1631 235.0753 0001010  86.0653 274.0467 15.39621168  7312
STARLINK-32886          
1 62807U 25018B   25063.72921369  .00001382  00000+0  44530-4 0  9997
2 62807  53.1637 233.8512 0001111  89.4955 270.6177 15.39613384  6456
STARLINK-32886          
1 62807U 25018B   25063.72921369  .00001382  00000+0  44530-4 0  9997
2 62807  53.1637 233.8512 0001111  89.4955 270.6177 15.39613384  7356
STARLINK-32886          
1 62807U 25018B   25064.44326846  .00001024  00000+0  35576-4 0  9999
2 62807  53.1636 230.4879 0000772  97.4680 262.6413 15.39623660  6564
STARLINK-32886          
1 62807U 25018B   25064.44326846  .00001024  00000+0  35576-4 0  9999
2 62807  53.1636 230.4879 0000772  97.4680 262.6413 15.39623660  7464
STARLINK-32886          
1 62807U 25018B   25064.83277521 -.00001673  00000+0 -31864-4 0  9995
2 62807  53.1624 228.6529 0001121  95.4123 264.7010 15.39601454  6621
STARLINK-32886          
1 62807U 25018B   25064.83277521 -.00001673  00000+0 -31864-4 0  9995
2 62807  53.1624 228.6529 0001121  95.4123 264.7010 15.39601454  7521
STARLINK-32886          
1 62807U 25018B   25065.41699576 -.00000510  00000+0 -27783-5 0  9993
2 62807  53.1624 225.9001 0001113  74.8267 285.2861 15.39620259  6713
STARLINK-32886          
1 62807U 25018B   25065.41699576 -.00000510  00000+0 -27783-5 0  9993
2 62807  53.1624 225.9001 0001113  74.8267 285.2861 15.39620259  7613
STARLINK-32886          
1 62807U 25018B   25065.67664793  .00000783  00000+0  29547-4 0  9993
2 62807  53.1622 224.6774 0000714  73.3425 286.7659 15.39623800  6750
STARLINK-32886          
1 62807U 25018B   25065.67664793  .00000783  00000+0  29547-4 0  9993
2 62807  53.1622 224.6774 0000714  73.3425 286.7659 15.39623800  7650
STARLINK-32886          
1 62807U 25018B   25066.45563361  .00001071  00000+0  36773-4 0  9999
2 62807  53.1598 221.0043 0000991  75.0147 285.0968 15.39607569  6871
STARLINK-32886          
1 62807U 25018B   25066.45563361  .00001071  00000+0  36773-4 0  9999
2 62807  53.1598 221.0043 0000991  75.0147 285.0968 15.39607569  7771
STARLINK-32886          
1 62807U 25018B   25066.71529497  .00001091  00000+0  37268-4 0  9992
2 62807  53.1610 219.7826 0001084  84.3854 275.7274 15.39605164  6911
STARLINK-32886          
1 62807U 25018B   25067.42933766  .00001012  00000+0  35256-4 0  9997
2 62807  53.1616 216.4162 0001200  83.2760 276.8381 15.39633297  7929
STARLINK-32886          
1 62807U 25018B   25067.68900874 -.00000538  00000+0 -34681-5 0  9995
2 62807  53.1622 215.1967 0001367  77.0100 283.1057 15.39615462  7967
STARLINK-32886          
1 62807U 25018B   25068.53287510  .00003416  00000+0  95293-4 0  9996
2 62807  53.1617 211.2150 0001087  88.3004 271.8126 15.39631731  7192
STARLINK-32886          
1 62807U 25018B   25068.66271764  .00000937  00000+0  33404-4 0  9995
2 62807  53.1615 210.6106 0001225 117.7992 242.3137 15.39616780  8116
STARLINK-32886          
1 62807U 25018B   25068.79254349  .00001411  00000+0  45241-4 0  9999
2 62807  53.1604 209.9954 0001091 115.0561 245.0557 15.39619465  7231
STARLINK-32886          
1 62807U 25018B   25069.37680540 -.00002680  00000+0 -57097-4 0  9993
2 62807  53.1625 207.2420 0000857  76.3433 283.7667 15.39589918  8229
STARLINK-32886          
1 62807U 25018B   25069.57154379 -.00001311  00000+0 -22811-4 0  9997
2 62807  53.1622 206.3273 0001823  94.5515 265.5698 15.39598871  7352
STARLINK-32886          
1 62807U 25018B   25069.63645929 -.00001056  00000+0 -16436-4 0  9992
2 62807  53.1620 206.0221 0001711  89.0923 271.0278 15.39598037  7369
STARLINK-32886          
1 62807U 25018B   25069.63645929 -.00001056  00000+0 -16436-4 0  9992
2 62807  53.1620 206.0221 0001711  89.0923 271.0278 15.39598037  8269
STARLINK-32886          
1 62807U 25018B   25070.09084207  .00000251  00000+0  16260-4 0  9999
2 62807  53.1635 203.8759 0001498  94.8831 265.2345 15.39625638  8336
STARLINK-32886          
1 62807U 25018B   25070.54523753 -.00000062  00000+0  84268-5 0  9998
2 62807  53.1635 201.7365 0001245  91.6338 268.4809 15.39630550  7500
STARLINK-32886          
1 62807U 25018B   25070.67506697 -.00000106  00000+0  73296-5 0  9998
2 62807  53.1620 201.1235 0000871 109.8739 250.2360 15.39627176  7528
STARLINK-32886          
1 62807U 25018B   25071.51896004  .00001723  00000+0  53046-4 0  9991
2 62807  53.1627 197.1485 0001107  99.3695 260.7435 15.39622655  8553
STARLINK-32886          
1 62807U 25018B   25071.58387520  .00001526  00000+0  48113-4 0  9996
2 62807  53.1629 196.8427 0001052 103.1585 256.9537 15.39621676  7661
STARLINK-32886          
1 62807U 25018B   25072.36283945 -.00000776  00000+0 -94175-5 0  9997
2 62807  53.1626 193.1724 0000929  98.0465 262.0645 15.39638403  7786
STARLINK-32886          
1 62807U 25018B   25072.36283945 -.00000776  00000+0 -94175-5 0  9997
2 62807  53.1626 193.1724 0000929  98.0465 262.0645 15.39638403  8686
STARLINK-32886          
1 62807U 25018B   25072.75235965 -.00003096  00000+0 -67505-4 0  9993
2 62807  53.1619 191.3361 0001241  64.2601 295.8532 15.39599033  7841
STARLINK-32886          
1 62807U 25018B   25072.75235965 -.00003096  00000+0 -67505-4 0  9993
2 62807  53.1619 191.3361 0001241  64.2601 295.8532 15.39599033  8741
STARLINK-32886          
1 62807U 25018B   25073.59623267 -.00000696  00000+0 -74253-5 0  9994
2 62807  53.1622 187.3600 0001316  57.5377 302.5755 15.39618791  7974
STARLINK-32886          
1 62807U 25018B   25073.72605697  .00000454  00000+0  21318-4 0  9999
2 62807  53.1616 186.7436 0001134 117.5313 242.5807 15.39619250  7996
STARLINK-32886          
1 62807U 25018B   25074.56996027  .00005172  00000+0  13934-3 0  9998
2 62807  53.1607 182.7772 0001451  91.6406 268.4765 15.39589994  8129
STARLINK-32886          
1 62807U 25018B   25074.56996027  .00005172  00000+0  13934-3 0  9998
2 62807  53.1607 182.7772 0001451  91.6406 268.4765 15.39589994  9029
STARLINK-32886          
1 62807U 25018B   25074.69977724  .00007082  00000+0  18696-3 0  9997
2 62807  53.1623 182.1628 0001502  90.9005 269.2172 15.39606011  8148
STARLINK-32886          
1 62807U 25018B   25074.69977724  .00007082  00000+0  18696-3 0  9997
2 62807  53.1623 182.1628 0001502  90.9005 269.2172 15.39606011  9048
STARLINK-32886          
1 62807U 25018B   25075.54368785 -.00001122  00000+0 -18075-4 0  9996
2 62807  53.1626 178.1867 0001237  84.3883 275.7263 15.39599781  8279
STARLINK-32886          
1 62807U 25018B   25075.54368785 -.00001122  00000+0 -18075-4 0  9996
2 62807  53.1626 178.1867 0001237  84.3883 275.7263 15.39599781  9179
STARLINK-32886          
1 62807U 25018B   25075.67351997 -.00001268  00000+0 -21732-4 0  9992
2 62807  53.1625 177.5757 0001244  81.0041 279.1105 15.39598200  8297
STARLINK-32886          
1 62807U 25018B   25075.99807298  .00000673  00000+0  26799-4 0  9992
2 62807  53.1625 176.0423 0001394 101.4944 258.6217 15.39625866  9247
STARLINK-32886          
1 62807U 25018B   25076.51736934  .00003778  00000+0  10432-3 0  9994
2 62807  53.1611 173.6003 0000848 117.8498 242.2593 15.39641134  9328
STARLINK-32886          
1 62807U 25018B   25076.58229751  .00001600  00000+0  49951-4 0  9996
2 62807  53.1610 173.2947 0001115  99.9964 260.1167 15.39625816  8432
STARLINK-32886          
1 62807U 25018B   25076.64720574  .00002216  00000+0  65351-4 0  9998
2 62807  53.1609 172.9883 0001091 119.6440 240.4673 15.39631602  8441
STARLINK-32886          
1 62807U 25018B   25076.64720574  .00002216  00000+0  65351-4 0  9998
2 62807  53.1609 172.9883 0001091 119.6440 240.4673 15.39631602  9341
STARLINK-32886          
1 62807U 25018B   25077.49113895 -.00002464  00000+0 -51702-4 0  9996
2 62807  53.1618 169.0125 0001273  79.4663 280.6485 15.39578196  8578
STARLINK-32886          
1 62807U 25018B   25077.49113895 -.00002464  00000+0 -51702-4 0  9996
2 62807  53.1618 169.0125 0001273  79.4663 280.6485 15.39578196  9478
STARLINK-32886          
1 62807U 25018B   25078.20517269 -.00003384  00000+0 -74640-4 0  9997
2 62807  53.1623 165.6463 0001409 121.6169 238.4974 15.39628474  9584
STARLINK-32886          
1 62807U 25018B   25078.46483754 -.00004043  00000+0 -91159-4 0  9993
2 62807  53.1619 164.4324 0001236  94.7255 265.3891 15.39617761  8725
STARLINK-32886          
1 62807U 25018B   25078.46483754 -.00004043  00000+0 -91159-4 0  9993
2 62807  53.1619 164.4324 0001236  94.7255 265.3891 15.39617761  9625
STARLINK-32886          
1 62807U 25018B   25079.24378457  .00006738  00000+0  17830-3 0  9997
2 62807  53.1602 160.7505 0001514 134.7142 225.3986 15.39618197  9744
STARLINK-32886          
1 62807U 25018B   25079.50348235  .00001384  00000+0  44623-4 0  9990
2 62807  53.1620 159.5286 0001445 132.1512 227.9616 15.39578808  8888
STARLINK-32886          
1 62807U 25018B   25079.50348235  .00001384  00000+0  44623-4 0  9990
2 62807  53.1620 159.5286 0001445 132.1512 227.9616 15.39578808  9788
STARLINK-32886          
1 62807U 25018B   25080.21752966 -.00004718  00000+0 -10800-3 0  9995
2 62807  53.1611 156.1652 0001127  84.9191 275.1942 15.39629146  9893
STARLINK-32886          
1 62807U 25018B   25080.60700319 -.00002789  00000+0 -59720-4 0  9994
2 62807  53.1619 154.3301 0001574  90.6987 269.4198 15.39641211  9059
STARLINK-32886          
1 62807U 25018B   25080.60700319 -.00002789  00000+0 -59720-4 0  9994
2 62807  53.1619 154.3301 0001574  90.6987 269.4198 15.39641211  9958
STARLINK-32886          
1 62807U 25018B   25080.93160936 -.00004629  00000+0 -10586-3 0  9996
2 62807  53.1623 152.7996 0001719  94.9031 265.2170 15.39600440  9103
STARLINK-32886          
1 62807U 25018B   25081.19126287  .00003237  00000+0  90983-4 0  9998
2 62807  53.1630 151.5754 0000776  87.0142 273.0952 15.39578628 10040
STARLINK-32886          
1 62807U 25018B   25081.45088115  .00009652  00000+0  25089-3 0  9995
2 62807  53.1622 150.3512 0001438  98.9439 261.1729 15.39630638 10080
STARLINK-32886          
1 62807U 25018B   25081.45088115  .00009652  00000+0  25089-3 0  9995
2 62807  53.1622 150.3512 0001438  98.9439 261.1729 15.39630638  9189
STARLINK-32886          
1 62807U 25018B   25081.90526790  .00006808  00000+0  17984-3 0  9996
2 62807  53.1617 148.2159 0001613  47.8625 312.2517 15.39655089  9259
STARLINK-32886          
1 62807U 25018B   25082.16498945 -.00005436  00000+0 -12617-3 0  9991
2 62807  53.1621 146.9878 0001027  94.2131 265.8992 15.39582568 10190
STARLINK-32886          
1 62807U 25018B   25082.55447262 -.00003434  00000+0 -75982-4 0  9991
2 62807  53.1622 145.1515 0001136 103.5294 256.5838 15.39595289 10252
STARLINK-32886          
1 62807U 25018B   25082.55447262 -.00003434  00000+0 -75982-4 0  9991
2 62807  53.1622 145.1515 0001136 103.5294 256.5838 15.39595289  9351
STARLINK-32886          
1 62807U 25018B   25082.87903229 -.00001152  00000+0 -18833-4 0  9993
2 62807  53.1626 143.6242 0000867  95.2318 264.8786 15.39612951 10306
STARLINK-32886          
1 62807U 25018B   25083.33343259 -.00000264  00000+0  33525-5 0  9994
2 62807  53.1621 141.4827 0000421 230.3451 129.7517 15.39613016  9472
STARLINK-32886          
1 62807U 25018B   25083.85272899 -.00004513  00000+0 -10280-3 0  9995
2 62807  53.1625 139.0354 0001015  89.9853 270.1268 15.39649675 10452
STARLINK-32886          
1 62807U 25018B   25083.85272899 -.00004513  00000+0 -10280-3 0  9995
2 62807  53.1625 139.0354 0001015  89.9853 270.1268 15.39649675  9551
STARLINK-32886          
1 62807U 25018B   25084.37208145  .00002915  00000+0  82927-4 0  9996
2 62807  53.1612 136.5893 0001177  70.4621 289.6510 15.39580344 10536
STARLINK-32886          
1 62807U 25018B   25084.37208145  .00002915  00000+0  82927-4 0  9996
2 62807  53.1612 136.5893 0001177  70.4621 289.6510 15.39580344  9635
STARLINK-32886          
1 62807U 25018B   25084.82647506  .00002627  00000+0  75671-4 0  9992
2 62807  53.1626 134.4502 0000858  99.8808 260.2294 15.39601668 10607
STARLINK-32886          
1 62807U 25018B   25084.82647506  .00002627  00000+0  75671-4 0  9992
2 62807  53.1626 134.4502 0000858  99.8808 260.2294 15.39601668  9706
STARLINK-32886          
1 62807U 25018B   25085.41069872 -.00000321  00000+0  19596-5 0  9997
2 62807  53.1611 131.6948 0001060  84.4979 275.6147 15.39617650 10693
STARLINK-32886          
1 62807U 25018B   25085.41069872 -.00000321  00000+0  19596-5 0  9997
2 62807  53.1611 131.6948 0001060  84.4979 275.6147 15.39617650  9792
STARLINK-32886          
1 62807U 25018B   25086.38442118 -.00000301  00000+0  24601-5 0  9993
2 62807  53.1625 127.1100 0001212  82.9317 277.1825 15.39601820 10845
STARLINK-32886          
1 62807U 25018B   25086.38442118 -.00000301  00000+0  24601-5 0  9993
2 62807  53.1625 127.1100 0001212  82.9317 277.1825 15.39601820  9944
STARLINK-32886          
1 62807U 25018B   25087.35813817  .00000277  00000+0  16909-4 0  9991
2 62807  53.1616 122.5210 0001183  70.0525 290.0607 15.39608782 10095
STARLINK-32886          
1 62807U 25018B   25087.35813817  .00000277  00000+0  16909-4 0  9991
2 62807  53.1616 122.5210 0001183  70.0525 290.0607 15.39608782 10994
STARLINK-32886          
1 62807U 25018B   25088.39676768  .00003022  00000+0  85537-4 0  9992
2 62807  53.1626 117.6254 0001420  72.3751 287.7408 15.39609537 10258
STARLINK-32886          
1 62807U 25018B   25088.78625958  .00000834  00000+0  30847-4 0  9992
2 62807  53.1621 115.7889 0001180  86.9648 273.1492 15.39607805 10310
STARLINK-32886          
1 62807U 25018B   25088.78625958  .00000834  00000+0  30847-4 0  9992
2 62807  53.1621 115.7889 0001180  86.9648 273.1492 15.39607805 11210
STARLINK-32886          
1 62807U 25018B   25089.24065214 -.00011122  00000+0 -26803-3 0  9997
2 62807  53.1622 113.6449 0001017  82.0228 278.0892 15.39670036 11281
STARLINK-32886          
1 62807U 25018B   25089.37048623  .00001674  00000+0  51829-4 0  9992
2 62807  53.1620 113.0359 0001305  94.1912 265.9242 15.39615938 10404
STARLINK-32886          
1 62807U 25018B   25089.37048623  .00001674  00000+0  51829-4 0  9992
2 62807  53.1620 113.0359 0001305  94.1912 265.9242 15.39615938 11304
STARLINK-32886          
1 62807U 25018B   25089.75995964 -.00001105  00000+0 -17629-4 0  9994
2 62807  53.1628 111.2009 0001362  85.2619 274.8541 15.39642249 10464
STARLINK-32886          
1 62807U 25018B   25089.75995964 -.00001105  00000+0 -17629-4 0  9994
2 62807  53.1628 111.2009 0001362  85.2619 274.8541 15.39642249 11364
STARLINK-32886          
1 62807U 25018B   25090.34424897 -.00006367  00000+0 -14960-3 0  9992
2 62807  53.1625 108.4471 0001569  92.6831 267.4354 15.39561477 10552
STARLINK-32886          
1 62807U 25018B   25090.34424897 -.00006367  00000+0 -14960-3 0  9992
2 62807  53.1625 108.4471 0001569  92.6831 267.4354 15.39561477 11452
STARLINK-32886          
1 62807U 25018B   25090.73374212 -.00005091  00000+0 -11758-3 0  9995
2 62807  53.1627 106.6136 0001466 101.0234 259.0936 15.39567568 10617
STARLINK-32886          
1 62807U 25018B   25090.73374212 -.00005091  00000+0 -11758-3 0  9995
2 62807  53.1627 106.6136 0001466 101.0234 259.0936 15.39567568 11517
STARLINK-32886          
1 62807U 25018B   25091.25300242  .00004132  00000+0  11316-3 0  9998
2 62807  53.1627 104.1684 0001607 105.5037 254.6145 15.39638822 11598
STARLINK-32886          
1 62807U 25018B   25091.31791303  .00003593  00000+0  99694-4 0  9993
2 62807  53.1620 103.8659 0001373 108.0644 252.0510 15.39645348 10702
STARLINK-32886          
1 62807U 25018B   25092.22671774  .00002030  00000+0  60683-4 0  9994
2 62807  53.1623  99.5786 0001408  87.6687 272.4479 15.39636603 11744
STARLINK-32886          
1 62807U 25018B   25092.29164127  .00010041  00000+0  26083-3 0  9996
2 62807  53.1619  99.2721 0001465  90.8878 269.2294 15.39600555 10853
STARLINK-32886          
1 62807U 25018B   25092.29164127  .00010041  00000+0  26083-3 0  9996
2 62807  53.1619  99.2721 0001465  90.8878 269.2294 15.39600555 11753
STARLINK-32886          
1 62807U 25018B   25092.74604338  .00008588  00000+0  22451-3 0  9997
2 62807  53.1618  97.1309 0001416  88.8453 271.2714 15.39608778 10926
STARLINK-32886          
1 62807U 25018B   25093.26536384 -.00004846  00000+0 -11120-3 0  9996
2 62807  53.1621  94.6835 0001413  87.0672 273.0495 15.39627409 11005
STARLINK-32886          
1 62807U 25018B   25093.71976226 -.00004460  00000+0 -10155-3 0  9998
2 62807  53.1628  92.5421 0001461  89.6660 270.4513 15.39627083 11075
STARLINK-32886          
1 62807U 25018B   25093.71976226 -.00004460  00000+0 -10155-3 0  9998
2 62807  53.1628  92.5421 0001461  89.6660 270.4513 15.39627083 11974
STARLINK-32886          
1 62807U 25018B   25094.36889886  .00000030  00000+0  10732-4 0  9994
2 62807  53.1613  89.4799 0001459 100.2373 259.8796 15.39626986 11176
STARLINK-32886          
1 62807U 25018B   25094.36889886  .00000030  00000+0  10732-4 0  9994
2 62807  53.1613  89.4799 0001459 100.2373 259.8796 15.39626986 12076
STARLINK-32886          
1 62807U 25018B   25094.69347415  .00000187  00000+0  14664-4 0  9998
2 62807  53.1617  87.9539 0001617  85.0733 275.0456 15.39625330 11222
STARLINK-32886          
1 62807U 25018B   25095.34261917  .00003764  00000+0  10404-3 0  9994
2 62807  53.1612  84.8945 0001426  90.5099 269.6069 15.39621793 12227
STARLINK-32886          
1 62807U 25018B   25095.66720326 -.00000077  00000+0  80838-5 0  9998
2 62807  53.1619  83.3645 0001966  86.0452 274.0777 15.39606225 11371
STARLINK-32886          
1 62807U 25018B   25095.66720326 -.00000077  00000+0  80838-5 0  9998
2 62807  53.1619  83.3645 0001966  86.0452 274.0777 15.39606225 12271
STARLINK-32886          
1 62807U 25018B   25096.18650677  .00002941  00000+0  83454-4 0  9994
2 62807  53.1621  80.9174 0001551  88.4046 271.7137 15.39630109 12350
STARLINK-32886          
1 62807U 25018B   25096.96549703 -.00006618  00000+0 -15576-3 0  9993
2 62807  53.1610  77.2489 0001053  69.0783 291.0334 15.39593092 11572
STARLINK-32886          
1 62807U 25018B   25097.22515108 -.00001750  00000+0 -33795-4 0  9991
2 62807  53.1609  76.0277 0001178  78.2377 281.8760 15.39608930 11614
STARLINK-32886          
1 62807U 25018B   25097.22515108 -.00001750  00000+0 -33795-4 0  9991
2 62807  53.1609  76.0277 0001178  78.2377 281.8760 15.39608930 12514
STARLINK-32886          
1 62807U 25018B   25097.93920624  .00001554  00000+0  48815-4 0  9991
2 62807  53.1611  72.6607 0001301  66.8833 293.2309 15.39623657 11725
STARLINK-32886          
1 62807U 25018B   25098.19886421  .00002789  00000+0  79655-4 0  9993
2 62807  53.1606  71.4386 0001190  70.5352 289.5781 15.39626088 12661
STARLINK-32886          
1 62807U 25018B   25098.32869342  .00003486  00000+0  97068-4 0  9994
2 62807  53.1607  70.8271 0001196  69.1622 290.9511 15.39626931 11784
STARLINK-32886          
1 62807U 25018B   25099.17258462  .00004155  00000+0  11378-3 0  9996
2 62807  53.1613  66.8515 0001498  89.9417 270.1760 15.39626580 11915
STARLINK-32886          
1 62807U 25018B   25099.17258462  .00004155  00000+0  11378-3 0  9996
2 62807  53.1613  66.8515 0001498  89.9417 270.1760 15.39626580 12815
STARLINK-32886          
1 62807U 25018B   25099.62698808  .00000558  00000+0  23923-4 0  9991
2 62807  53.1623  64.7134 0001147  82.0333 278.0802 15.39620336 11986
STARLINK-32886          
1 62807U 25018B   25099.62698808  .00000558  00000+0  23923-4 0  9991
2 62807  53.1623  64.7134 0001147  82.0333 278.0802 15.39620336 12886
STARLINK-32886          
1 62807U 25018B   25100.21121688  .00001737  00000+0  53384-4 0  9990
2 62807  53.1618  61.9599 0001186  85.0017 275.1123 15.39624752 12070
STARLINK-32886          
1 62807U 25018B   25100.92528509  .00002998  00000+0  84932-4 0  9994
2 62807  53.1628  58.5959 0001353  89.9350 270.1809 15.39611200 12184
STARLINK-32886          
1 62807U 25018B   25101.05511437  .00002770  00000+0  79232-4 0  9996
2 62807  53.1625  57.9806 0001613 139.0069 221.1057 15.39607427 13108
STARLINK-32886          
1 62807U 25018B   25101.24984094  .00008007  00000+0  20979-3 0  9992
2 62807  53.1619  57.0656 0001354  91.5832 268.5328 15.39644852 13139
STARLINK-32886          
1 62807U 25018B   25101.57442424  .00002813  00000+0  80268-4 0  9991
2 62807  53.1618  55.5371 0001776  81.3058 278.8148 15.39625550 12283
STARLINK-32886          
1 62807U 25018B   25101.57442424  .00002813  00000+0  80268-4 0  9991
2 62807  53.1618  55.5371 0001776  81.3058 278.8148 15.39625550 13183
STARLINK-32886          
1 62807U 25018B   25102.54814420  .00001353  00000+0  43792-4 0  9997
2 62807  53.1621  50.9461 0000797 106.6490 253.4602 15.39620350 13333
STARLINK-32886          
1 62807U 25018B   25102.87271283  .00002844  00000+0  81036-4 0  9996
2 62807  53.1625  49.4157 0000510 248.4704 111.6247 15.39618965 12482
STARLINK-32886          
1 62807U 25018B   25103.13237858 -.00000276  00000+0  30798-5 0  9994
2 62807  53.1628  48.1903 0001221 299.4797  60.6086 15.39606421 13421
STARLINK-32886          
1 62807U 25018B   25103.26220434  .00001773  00000+0  54314-4 0  9991
2 62807  53.1627  47.5823 0001442  96.1158 264.0012 15.39618614 13440
STARLINK-32886          
1 62807U 25018B   25103.84644200  .00000930  00000+0  33235-4 0  9999
2 62807  53.1609  44.8281 0001165  84.4531 275.6606 15.39607969 12633
STARLINK-32886          
1 62807U 25018B   25103.84644200  .00000930  00000+0  33235-4 0  9999
2 62807  53.1609  44.8281 0001165  84.4531 275.6606 15.39607969 13533
STARLINK-32886          
1 62807U 25018B   25104.10610634  .00001654  00000+0  51350-4 0  9995
2 62807  53.1630  43.6028 0001006  67.5220 292.5891 15.39602364 12676
STARLINK-32886          
1 62807U 25018B   25104.10610634  .00001654  00000+0  51350-4 0  9995
2 62807  53.1630  43.6028 0001006  67.5220 292.5891 15.39602364 13576
STARLINK-32886          
1 62807U 25018B   25105.07982419  .00001504  00000+0  47601-4 0  9993
2 62807  53.1625  39.0197 0001130  91.0486 269.0648 15.39600568 13720
STARLINK-32886          
1 62807U 25018B   25105.53422125 -.00000442  00000+0 -10770-5 0  9997
2 62807  53.1630  36.8824 0001251  72.9652 287.1490 15.39612585 12890
STARLINK-32886          
1 62807U 25018B   25105.53422125 -.00000442  00000+0 -10770-5 0  9997
2 62807  53.1630  36.8824 0001251  72.9652 287.1490 15.39612585 13790
STARLINK-32886          
1 62807U 25018B   25105.79388038  .00002049  00000+0  61201-4 0  9996
2 62807  53.1622  35.6568 0001173  55.3974 304.7141 15.39611984 12934
STARLINK-32886          
1 62807U 25018B   25106.11844574  .00003527  00000+0  98098-4 0  9991
2 62807  53.1627  34.1221 0001099 100.2397 259.8732 15.39625898 13885
STARLINK-32886          
1 62807U 25018B   25106.50793668  .00000839  00000+0  30941-4 0  9997
2 62807  53.1613  32.2914 0001223  89.9200 270.1945 15.39622234 13044
STARLINK-32886          
1 62807U 25018B   25106.76756558  .00009657  00000+0  25079-3 0  9994
2 62807  53.1603  31.0686 0001462  52.9333 307.1805 15.39658101 13080
STARLINK-32886          
1 62807U 25018B   25106.76756558  .00009657  00000+0  25079-3 0  9994
2 62807  53.1603  31.0686 0001462  52.9333 307.1805 15.39658101 13989
STARLINK-32886          
1 62807U 25018B   25107.09217360 -.00006597  00000+0 -15525-3 0  9991
2 62807  53.1606  29.5382 0001275  72.1435 287.9709 15.39588802 13131
STARLINK-32886          
1 62807U 25018B   25107.09217360 -.00006597  00000+0 -15525-3 0  9991
2 62807  53.1606  29.5382 0001275  72.1435 287.9709 15.39588802 14031
STARLINK-32886          
1 62807U 25018B   25107.93607561 -.00004097  00000+0 -92581-4 0  9991
2 62807  53.1596  25.5702 0001813  52.0455 308.0714 15.39587132 13268
STARLINK-32886          
1 62807U 25018B   25108.06588894 -.00000422  00000+0 -55883-6 0  9997
2 62807  53.1617  24.9458 0001239 108.8136 251.3004 15.39619526 14188
STARLINK-32886          
1 62807U 25018B   25109.16943642  .00000975  00000+0  34360-4 0  9991
2 62807  53.1609  19.7484 0001218  87.4576 272.6568 15.39612129 13459
STARLINK-32886          
1 62807U 25018B   25109.16943642  .00000975  00000+0  34360-4 0  9991
2 62807  53.1609  19.7484 0001218  87.4576 272.6568 15.39612129 14359
STARLINK-32886          
1 62807U 25018B   25111.70110638  .00001805  00000+0  55089-4 0  9999
2 62807  53.1611   7.8198 0001291 113.5244 246.5897 15.39624028 13845
STARLINK-32886          
1 62807U 25018B   25111.70110638  .00001805  00000+0  55089-4 0  9999
2 62807  53.1611   7.8198 0001291 113.5244 246.5897 15.39624028 14745
STARLINK-32886          
1 62807U 25018B   25112.02567418  .00004307  00000+0  11754-3 0  9997
2 62807  53.1610   6.2912 0001551 121.9623 238.1532 15.39633822 13894
STARLINK-32886          
1 62807U 25018B   25112.02567418  .00004307  00000+0  11754-3 0  9997
2 62807  53.1610   6.2912 0001551 121.9623 238.1532 15.39633822 14794
STARLINK-32886          
1 62807U 25018B   25112.67483724 -.00001280  00000+0 -21994-4 0  9992
2 62807  53.1603   3.2425 0002909  61.0006 299.1290 15.39609638 13996
STARLINK-32886          
1 62807U 25018B   25112.99941427 -.00002189  00000+0 -44758-4 0  9998
2 62807  53.1603   1.7131 0002733  60.5512 299.5765 15.39604792 14048
STARLINK-32886          
1 62807U 25018B   25113.97311996  .00000181  00000+0  14506-4 0  9995
2 62807  53.1630 357.1167 0001458 100.3613 259.7557 15.39627576 14191
STARLINK-32886          
1 62807U 25018B   25113.97311996  .00000181  00000+0  14506-4 0  9995
2 62807  53.1630 357.1167 0001458 100.3613 259.7557 15.39627576 15091
STARLINK-32886          
1 62807U 25018B   25114.94683044  .00001930  00000+0  58188-4 0  9996
2 62807  53.1632 352.5285 0001489  92.5065 267.6110 15.39634180 14349
STARLINK-32886          
1 62807U 25018B   25115.66090082 -.00000211  00000+0  47322-5 0  9991
2 62807  53.1609 349.1675 0002200  77.8525 282.2726 15.39619501 14455
STARLINK-32886          
1 62807U 25018B   25115.66090082 -.00000211  00000+0  47322-5 0  9991
2 62807  53.1609 349.1675 0002200  77.8525 282.2726 15.39619501 15355
STARLINK-32886          
1 62807U 25018B   25116.05037196 -.00015293  00000+0 -37225-3 0  9998
2 62807  53.1582 347.3282 0001069  67.9234 292.1884 15.39690498 15414
STARLINK-32886          
1 62807U 25018B   25116.89427216  .00001260  00000+0  41490-4 0  9993
2 62807  53.1597 343.3511 0001394  86.4799 273.6365 15.39616909 14641
STARLINK-32886          
1 62807U 25018B   25116.89427216  .00001260  00000+0  41490-4 0  9993
2 62807  53.1597 343.3511 0001394  86.4799 273.6365 15.39616909 15541
STARLINK-32886          
1 62807U 25018B   25117.34867624  .00001030  00000+0  35735-4 0  9995
2 62807  53.1608 341.2102 0001474  91.8719 268.2454 15.39616515 14718
STARLINK-32886          
1 62807U 25018B   25117.99782368  .00000347  00000+0  18665-4 0  9990
2 62807  53.1616 338.1509 0001479  94.8479 265.2695 15.39617808 15715
STARLINK-32886          
1 62807U 25018B   25118.32240004 -.00000166  00000+0  58395-5 0  9999
2 62807  53.1628 336.6203 0001434 101.2904 258.8262 15.39614043 14860
STARLINK-32886          
1 62807U 25018B   25121.95760539  .00000642  00000+0  26029-4 0  9998
2 62807  53.1630 319.4889 0001184  97.3513 262.7626 15.39625513 16320
STARLINK-32886          
1 62807U 25018B   25122.80149740  .00000801  00000+0  29995-4 0  9990
2 62807  53.1614 315.5143 0001034  96.3851 263.7271 15.39617505 16453
STARLINK-32886          
1 62807U 25018B   25122.93132267  .00000738  00000+0  28431-4 0  9993
2 62807  53.1620 314.9034 0001392 113.5957 246.5194 15.39622928 15578
STARLINK-32886          
1 62807U 25018B   25123.51556488 -.00001391  00000+0 -24814-4 0  9992
2 62807  53.1624 312.1509 0001158  81.3194 278.7942 15.39615915 15660
STARLINK-32886          
1 62807U 25018B   25123.77522368 -.00001275  00000+0 -21894-4 0  9996
2 62807  53.1618 310.9270 0001238  97.5202 262.5943 15.39614726 15708
STARLINK-32886          
1 62807U 25018B   25123.77522368 -.00001275  00000+0 -21894-4 0  9996
2 62807  53.1618 310.9270 0001238  97.5202 262.5943 15.39614726 16608
STARLINK-32886          
1 62807U 25018B   25124.29454003 -.00001684  00000+0 -32139-4 0  9992
2 62807  53.1611 308.4810 0001137  89.1851 270.9284 15.39617584 15782
STARLINK-32886          
1 62807U 25018B   25124.68402331  .00000587  00000+0  24652-4 0  9992
2 62807  53.1630 306.6469 0001204  90.7511 269.3632 15.39619447 15845
STARLINK-32886          
1 62807U 25018B   25124.68402331  .00000587  00000+0  24652-4 0  9992
2 62807  53.1630 306.6469 0001204  90.7511 269.3632 15.39619447 16745
STARLINK-32886          
1 62807U 25018B   25125.52791946  .00000493  00000+0  22324-4 0  9999
2 62807  53.1602 302.6694 0001293  86.1818 273.9334 15.39610519 16872
STARLINK-32886          
1 62807U 25018B   25125.85249113  .00001668  00000+0  51682-4 0  9993
2 62807  53.1617 301.1426 0001235  87.6881 272.4266 15.39611283 16021
STARLINK-32886          
1 62807U 25018B   25126.50162552  .00001208  00000+0  40167-4 0  9993
2 62807  53.1595 298.0818 0001066  83.3167 276.7959 15.39628764 17026
STARLINK-32886          
1 62807U 25018B   25126.82620424 -.00000017  00000+0  95624-5 0  9992
2 62807  53.1614 296.5519 0001334 111.0075 249.1073 15.39620768 17076
STARLINK-32886          
1 62807U 25018B   25127.79992470  .00000431  00000+0  20742-4 0  9999
2 62807  53.1613 291.9640 0000952  77.0509 283.0602 15.39615715 16325
STARLINK-32886          
1 62807U 25018B   25128.77363972 -.00000710  00000+0 -77685-5 0  9998
2 62807  53.1621 287.3736 0001049  60.3947 299.7162 15.39624154 16476
STARLINK-32886          
1 62807U 25018B   25129.74736701  .00000104  00000+0  12590-4 0  9998
2 62807  53.1616 282.7855 0001268  64.2434 295.8701 15.39611211 16621
STARLINK-32886          
1 62807U 25018B   25129.74736701  .00000104  00000+0  12590-4 0  9998
2 62807  53.1616 282.7855 0001268  64.2434 295.8701 15.39611211 17521
STARLINK-32886          
1 62807U 25018B   25130.65616670  .00001843  00000+0  56051-4 0  9993
2 62807  53.1614 278.5070 0001116  87.6198 272.4935 15.39611582 17665
STARLINK-32886          
1 62807U 25018B   25130.72108660  .00001732  00000+0  53305-4 0  9992
2 62807  53.1612 278.2027 0001015  71.6563 288.4552 15.39604710 16777
STARLINK-32886          
1 62807U 25018B   25131.43513752  .00000870  00000+0  31724-4 0  9996
2 62807  53.1614 274.8373 0000988  69.9425 290.1686 15.39627057 16889
STARLINK-32886          
1 62807U 25018B   25131.43513752  .00000870  00000+0  31724-4 0  9996
2 62807  53.1614 274.8373 0000988  69.9425 290.1686 15.39627057 17789
STARLINK-32886          
1 62807U 25018B   25131.69479871  .00000607  00000+0  25149-4 0  9999
2 62807  53.1606 273.6113 0001031  66.1773 293.9340 15.39621766 16928
STARLINK-32886          
1 62807U 25018B   25132.53871215 -.00002250  00000+0 -46317-4 0  9999
2 62807  53.1617 269.6390 0001908  18.7657 341.3417 15.39590038 17054
STARLINK-32886          
1 62807U 25018B   25132.66852699 -.00000361  00000+0  95433-6 0  9993
2 62807  53.1614 269.0290 0001154  88.9999 271.1139 15.39605607 17077
STARLINK-32886          
1 62807U 25018B   25132.66852699 -.00000361  00000+0  95433-6 0  9993
2 62807  53.1614 269.0290 0001154  88.9999 271.1139 15.39605607 17976
STARLINK-32886          
1 62807U 25018B   25133.51241213 -.00001409  00000+0 -25259-4 0  9994
2 62807  53.1614 265.0499 0001246  76.6227 283.4917 15.39619841 18104
STARLINK-32886          
1 62807U 25018B   25133.64224115 -.00000065  00000+0  83497-5 0  9995
2 62807  53.1616 264.4393 0001271  80.1261 279.9887 15.39615695 17229
STARLINK-32886          
1 62807U 25018B   25134.61596826 -.00002384  00000+0 -49681-4 0  9997
2 62807  53.1617 259.8508 0001320  69.4167 290.6979 15.39590264 17378
STARLINK-32886          
1 62807U 25018B   25134.61596826 -.00002384  00000+0 -49681-4 0  9997
2 62807  53.1617 259.8508 0001320  69.4167 290.6979 15.39590264 18278
STARLINK-32886          
1 62807U 25018B   25136.49848403  .00004957  00000+0  13398-3 0  9997
2 62807  53.1593 250.9788 0001304  73.5962 286.5186 15.39581854 17665
STARLINK-32886          
1 62807U 25018B   25136.49848403  .00004957  00000+0  13398-3 0  9997
2 62807  53.1593 250.9788 0001304  73.5962 286.5186 15.39581854 18565
STARLINK-32886          
1 62807U 25018B   25136.62831270  .00003685  00000+0  10215-3 0  9998
2 62807  53.1613 250.3674 0001491  59.6510 300.4642 15.39594848 17689
STARLINK-32886          
1 62807U 25018B   25137.01780100  .00002944  00000+0  83608-4 0  9991
2 62807  53.1615 248.5310 0001311  75.4495 284.6655 15.39601661 18642
STARLINK-32886          
1 62807U 25018B   25137.47219724  .00000707  00000+0  27652-4 0  9992
2 62807  53.1599 246.3885 0000912  91.2651 268.8459 15.39620908 17811
STARLINK-32886          
1 62807U 25018B   25137.47219724  .00000707  00000+0  27652-4 0  9992
2 62807  53.1599 246.3885 0000912  91.2651 268.8459 15.39620908 18711
STARLINK-32886          
1 62807U 25018B   25137.73184837  .00002335  00000+0  68332-4 0  9996
2 62807  53.1602 245.1676 0001771  87.2209 272.8999 15.39625834 17850
STARLINK-32886          
1 62807U 25018B   25137.73184837  .00002335  00000+0  68332-4 0  9996
2 62807  53.1602 245.1676 0001771  87.2209 272.8999 15.39625834 18750
STARLINK-32886          
1 62807U 25018B   25137.99151164  .00000485  00000+0  22092-4 0  9998
2 62807  53.1609 243.9428 0001001  64.6600 295.4508 15.39620341 18797
STARLINK-32886          
1 62807U 25018B   25138.57577125 -.00000941  00000+0 -13550-4 0  9990
2 62807  53.1620 241.1996 0001317  81.5563 278.5591 15.39589089 17983
STARLINK-32886          
1 62807U 25018B   25138.57577125 -.00000941  00000+0 -13550-4 0  9990
2 62807  53.1620 241.1996 0001317  81.5563 278.5591 15.39589089 18883
STARLINK-32886          
1 62807U 25018B   25139.54947397 -.00002596  00000+0 -54933-4 0  9998
2 62807  53.1607 236.6014 0001362 120.8753 239.2386 15.39616297 18132
STARLINK-32886          
1 62807U 25018B   25139.54947397 -.00002596  00000+0 -54933-4 0  9998
2 62807  53.1607 236.6014 0001362 120.8753 239.2386 15.39616297 19032
STARLINK-32886          
1 62807U 25018B   25140.52318765  .00002459  00000+0  71458-4 0  9996
2 62807  53.1594 232.0158 0001039  81.8503 278.2620 15.39614266 18280
STARLINK-32886          
1 62807U 25018B   25140.52318765  .00002459  00000+0  71458-4 0  9996
2 62807  53.1594 232.0158 0001039  81.8503 278.2620 15.39614266 19180
STARLINK-32886          
1 62807U 25018B   25141.49691195  .00000455  00000+0  21371-4 0  9997
2 62807  53.1614 227.4271 0001390  98.0364 262.0798 15.39608158 18439
STARLINK-32886          
1 62807U 25018B   25141.49691195  .00000455  00000+0  21371-4 0  9997
2 62807  53.1614 227.4271 0001390  98.0364 262.0798 15.39608158 19339
STARLINK-32886          
1 62807U 25018B   25142.53554543 -.00000816  00000+0 -10413-4 0  9996
2 62807  53.1598 222.5327 0001117 101.1411 258.9720 15.39615473 18598
STARLINK-32886          
1 62807U 25018B   25142.53554543 -.00000816  00000+0 -10413-4 0  9996
2 62807  53.1598 222.5327 0001117 101.1411 258.9720 15.39615473 19498
STARLINK-32886          
1 62807U 25018B   25143.44434302  .00000906  00000+0  32635-4 0  9995
2 62807  53.1597 218.2504 0001186  97.1442 262.9698 15.39620278 18734
STARLINK-32886          
1 62807U 25018B   25143.44434302  .00000906  00000+0  32635-4 0  9995
2 62807  53.1597 218.2504 0001186  97.1442 262.9698 15.39620278 19634
STARLINK-32886          
1 62807U 25018B   25143.89874543 -.00000227  00000+0  43012-5 0  9998
2 62807  53.1594 216.1102 0000972 104.5352 255.5761 15.39621938 18808
STARLINK-32886          
1 62807U 25018B   25144.41806800 -.00000562  00000+0 -40634-5 0  9998
2 62807  53.1595 213.6624 0001088  92.9706 267.1423 15.39613340 18882
STARLINK-32886          
1 62807U 25018B   25144.41806800 -.00000562  00000+0 -40634-5 0  9998
2 62807  53.1595 213.6624 0001088  92.9706 267.1423 15.39613340 19782
STARLINK-32886          
1 62807U 25018B   25145.19703428  .00000206  00000+0  15133-4 0  9994
2 62807  53.1604 209.9941 0001314 109.0045 251.1102 15.39622481 19908
STARLINK-32886          
1 62807U 25018B   25145.45669628 -.00000899  00000+0 -12492-4 0  9991
2 62807  53.1596 208.7677 0000864  96.6730 263.4373 15.39619651 19048
STARLINK-32886          
1 62807U 25018B   25145.45669628 -.00000899  00000+0 -12492-4 0  9991
2 62807  53.1596 208.7677 0000864  96.6730 263.4373 15.39619651 19947
STARLINK-32886          
1 62807U 25018B   25147.33921814 -.00000646  00000+0 -61736-5 0  9994
2 62807  53.1593 199.8986 0001087  76.5963 283.5163 15.39620847 19332
STARLINK-32886          
1 62807U 25018B   25147.33921814 -.00000646  00000+0 -61736-5 0  9994
2 62807  53.1593 199.8986 0001087  76.5963 283.5163 15.39620847 20233
STARLINK-32886          
1 62807U 25018B   25148.83225730  .00000154  00000+0  13822-4 0  9998
2 62807  53.1594 192.8636 0001134  88.4344 271.6791 15.39613964 19568
STARLINK-32886          
1 62807U 25018B   25148.83225730  .00000154  00000+0  13822-4 0  9998
2 62807  53.1594 192.8636 0001134  88.4344 271.6791 15.39613964 20469
STARLINK-32886          
1 62807U 25018B   25150.13053726  .00000967  00000+0  34152-4 0  9999
2 62807  53.1583 186.7455 0000953  91.1286 268.9828 15.39624482 20661
STARLINK-32886          
1 62807U 25018B   25150.58544156 -.00066288  00000+0 -16908-2 0  9997
2 62807  53.1591 184.6065 0000929  86.8025 273.3086 15.39092216 20737
